writing to logs/trust-constr/Bulgaria/2021_7_19_14_43
| niter |f evals|CG iter|  obj func   |tr radius |   opt    |  c viol  |
|-------|-------|-------|-------------|----------|----------|----------|
|   1   |   8   |   0   | -5.4997e+02 | 1.00e+00 | 7.95e+02 | 0.00e+00 |
|   2   |  16   |   1   | -5.4997e+02 | 1.00e-01 | 7.95e+02 | 0.00e+00 |
|   3   |  24   |   8   | -5.4997e+02 | 5.60e-01 | 7.94e+02 | 0.00e+00 |
|   4   |  32   |  15   | -5.4997e+02 | 3.14e+00 | 7.88e+02 | 0.00e+00 |
|   5   |  40   |  21   | -5.4996e+02 | 8.00e+00 | 2.64e+02 | 0.00e+00 |
|   6   |  48   |  27   | -5.4995e+02 | 8.00e+00 | 1.96e+02 | 0.00e+00 |
|   7   |  56   |  33   | -5.4995e+02 | 8.00e+00 | 1.85e+02 | 0.00e+00 |
|   8   |  64   |  39   | -5.4995e+02 | 8.00e+00 | 1.79e+02 | 0.00e+00 |
|   9   |  72   |  45   | -5.4995e+02 | 8.00e+00 | 1.77e+02 | 0.00e+00 |
|  10   |  80   |  51   | -5.4995e+02 | 8.00e+00 | 1.76e+02 | 0.00e+00 |
|  11   |  96   |  58   | -5.4995e+02 | 1.12e+00 | 1.76e+02 | 0.00e+00 |
|  12   |  104  |  65   | -5.5645e+02 | 1.12e+00 | 1.72e+02 | 0.00e+00 |
|  13   |  112  |  72   | -5.6472e+02 | 1.13e+00 | 1.66e+02 | 0.00e+00 |
|  14   |  128  |  78   | -5.6472e+02 | 1.27e-01 | 1.66e+02 | 0.00e+00 |
|  15   |  136  |  85   | -5.6580e+02 | 1.73e-01 | 1.65e+02 | 0.00e+00 |
|  16   |  144  |  92   | -5.6687e+02 | 1.73e-01 | 1.63e+02 | 0.00e+00 |
|  17   |  152  |  99   | -5.7413e+02 | 1.21e+00 | 1.54e+02 | 0.00e+00 |
|  18   |  160  |  106  | -5.7528e+02 | 1.21e+00 | 9.48e+01 | 0.00e+00 |
|  19   |  168  |  113  | -5.8024e+02 | 1.21e+00 | 1.32e+02 | 0.00e+00 |
|  20   |  176  |  120  | -5.8028e+02 | 1.21e+00 | 1.32e+02 | 0.00e+00 |
|  21   |  184  |  127  | -5.8034e+02 | 1.21e+00 | 1.31e+02 | 0.00e+00 |
|  22   |  192  |  134  | -5.8038e+02 | 1.21e+00 | 1.30e+02 | 0.00e+00 |
|  23   |  200  |  141  | -5.8039e+02 | 1.21e+00 | 1.30e+02 | 0.00e+00 |
|  24   |  208  |  148  | -5.8470e+02 | 1.21e+00 | 8.43e+01 | 0.00e+00 |
|  25   |  224  |  155  | -5.8470e+02 | 3.12e-01 | 8.43e+01 | 0.00e+00 |
|  26   |  240  |  160  | -5.8470e+02 | 1.56e-01 | 8.43e+01 | 0.00e+00 |
|  27   |  248  |  165  | -5.8862e+02 | 3.12e-01 | 7.05e+01 | 0.00e+00 |
|  28   |  264  |  170  | -5.8862e+02 | 1.56e-01 | 7.05e+01 | 0.00e+00 |
|  29   |  280  |  175  | -5.8862e+02 | 7.80e-02 | 7.05e+01 | 0.00e+00 |
|  30   |  288  |  180  | -5.9005e+02 | 1.56e-01 | 6.66e+01 | 0.00e+00 |
|  31   |  296  |  186  | -5.9005e+02 | 7.80e-02 | 6.66e+01 | 0.00e+00 |
|  32   |  304  |  191  | -5.9005e+02 | 3.90e-02 | 6.66e+01 | 0.00e+00 |
|  33   |  312  |  196  | -5.9005e+02 | 1.34e-02 | 6.66e+01 | 0.00e+00 |
|  34   |  328  |  201  | -5.9005e+02 | 1.87e-03 | 6.66e+01 | 0.00e+00 |
|  35   |  336  |  206  | -5.9007e+02 | 1.87e-03 | 6.59e+01 | 0.00e+00 |
|  36   |  344  |  211  | -5.9007e+02 | 9.35e-04 | 6.59e+01 | 0.00e+00 |
|  37   |  352  |  215  | -5.9007e+02 | 4.68e-04 | 6.59e+01 | 0.00e+00 |
|  38   |  360  |  219  | -5.9009e+02 | 9.35e-04 | 6.57e+01 | 0.00e+00 |
|  39   |  368  |  223  | -5.9011e+02 | 9.35e-04 | 6.54e+01 | 0.00e+00 |
|  40   |  376  |  227  | -5.9014e+02 | 1.87e-03 | 6.67e+01 | 0.00e+00 |
|  41   |  392  |  231  | -5.9014e+02 | 1.87e-04 | 6.67e+01 | 0.00e+00 |
|  42   |  400  |  235  | -5.9015e+02 | 1.31e-03 | 6.62e+01 | 0.00e+00 |
|  43   |  416  |  239  | -5.9015e+02 | 1.31e-04 | 6.62e+01 | 0.00e+00 |
|  44   |  432  |  243  | -5.9015e+02 | 4.43e-05 | 6.62e+01 | 0.00e+00 |
|  45   |  440  |  247  | -5.9016e+02 | 3.10e-04 | 6.61e+01 | 0.00e+00 |
|  46   |  456  |  251  | -5.9016e+02 | 1.55e-04 | 6.61e+01 | 0.00e+00 |
|  47   |  464  |  255  | -5.9016e+02 | 6.22e-05 | 6.61e+01 | 0.00e+00 |
|  48   |  472  |  259  | -5.9016e+02 | 4.35e-04 | 6.53e+01 | 0.00e+00 |
|  49   |  488  |  263  | -5.9016e+02 | 4.35e-05 | 6.53e+01 | 0.00e+00 |
|  50   |  504  |  267  | -5.9016e+02 | 4.35e-06 | 6.53e+01 | 0.00e+00 |
|  51   |  512  |  271  | -5.9016e+02 | 3.05e-05 | 6.63e+01 | 0.00e+00 |
|  52   |  528  |  275  | -5.9016e+02 | 3.05e-06 | 6.63e+01 | 0.00e+00 |
|  53   |  536  |  279  | -5.9016e+02 | 2.13e-05 | 6.55e+01 | 0.00e+00 |
|  54   |  544  |  283  | -5.9016e+02 | 2.13e-06 | 6.55e+01 | 0.00e+00 |
|  55   |  552  |  287  | -5.9016e+02 | 1.49e-05 | 6.60e+01 | 0.00e+00 |
|  56   |  568  |  291  | -5.9016e+02 | 1.49e-06 | 6.60e+01 | 0.00e+00 |
|  57   |  584  |  295  | -5.9016e+02 | 1.49e-07 | 6.60e+01 | 0.00e+00 |
|  58   |  592  |  299  | -5.9016e+02 | 1.04e-06 | 6.56e+01 | 0.00e+00 |
|  59   |  600  |  303  | -5.9016e+02 | 7.31e-06 | 6.58e+01 | 0.00e+00 |
|  60   |  608  |  307  | -5.9016e+02 | 5.12e-05 | 6.59e+01 | 0.00e+00 |
|  61   |  616  |  311  | -5.9017e+02 | 3.58e-04 | 6.52e+01 | 0.00e+00 |
|  62   |  624  |  315  | -5.9018e+02 | 2.51e-03 | 6.57e+01 | 0.00e+00 |
|  63   |  632  |  319  | -5.9029e+02 | 1.76e-02 | 6.63e+01 | 0.00e+00 |
|  64   |  640  |  323  | -5.9098e+02 | 1.23e-01 | 6.65e+01 | 0.00e+00 |
|  65   |  648  |  330  | -5.9456e+02 | 8.60e-01 | 6.89e+01 | 0.00e+00 |
|  66   |  656  |  337  | -5.9932e+02 | 2.04e+00 | 7.18e+01 | 0.00e+00 |
|  67   |  664  |  344  | -6.0672e+02 | 5.36e+00 | 6.21e+01 | 0.00e+00 |
|  68   |  672  |  351  | -6.1466e+02 | 5.36e+00 | 6.87e+01 | 0.00e+00 |
|  69   |  680  |  358  | -6.2148e+02 | 5.36e+00 | 6.34e+01 | 0.00e+00 |
|  70   |  688  |  365  | -6.2584e+02 | 5.36e+00 | 6.79e+01 | 0.00e+00 |
|  71   |  696  |  372  | -6.3079e+02 | 5.36e+00 | 6.31e+01 | 0.00e+00 |
|  72   |  704  |  379  | -6.3485e+02 | 5.36e+00 | 6.69e+01 | 0.00e+00 |
|  73   |  712  |  386  | -6.3930e+02 | 5.36e+00 | 6.28e+01 | 0.00e+00 |
|  74   |  720  |  393  | -6.4338e+02 | 5.36e+00 | 6.63e+01 | 0.00e+00 |
|  75   |  728  |  400  | -6.4759e+02 | 5.36e+00 | 6.15e+01 | 0.00e+00 |
|  76   |  736  |  407  | -6.5240e+02 | 5.36e+00 | 6.53e+01 | 0.00e+00 |
|  77   |  744  |  414  | -6.5703e+02 | 5.36e+00 | 6.02e+01 | 0.00e+00 |
|  78   |  752  |  421  | -6.6357e+02 | 5.36e+00 | 6.39e+01 | 0.00e+00 |
|  79   |  760  |  428  | -6.6891e+02 | 5.36e+00 | 5.84e+01 | 0.00e+00 |
|  80   |  768  |  435  | -6.8144e+02 | 1.06e+01 | 6.39e+01 | 0.00e+00 |
|  81   |  776  |  442  | -6.8985e+02 | 1.06e+01 | 5.60e+01 | 0.00e+00 |
|  82   |  792  |  449  | -6.8985e+02 | 1.06e+00 | 5.60e+01 | 0.00e+00 |
|  83   |  800  |  456  | -6.9303e+02 | 2.07e+00 | 5.34e+01 | 0.00e+00 |
|  84   |  808  |  463  | -6.9383e+02 | 2.07e+00 | 5.38e+01 | 0.00e+00 |
|  85   |  816  |  470  | -7.1121e+02 | 1.45e+01 | 5.60e+01 | 0.00e+00 |
|  86   |  824  |  477  | -7.1495e+02 | 1.45e+01 | 6.02e+01 | 0.00e+00 |
|  87   |  840  |  484  | -7.1495e+02 | 1.45e+00 | 6.02e+01 | 0.00e+00 |
|  88   |  848  |  491  | -7.1516e+02 | 1.45e+00 | 5.99e+01 | 0.00e+00 |
|  89   |  856  |  498  | -7.1518e+02 | 1.45e+00 | 5.99e+01 | 0.00e+00 |
|  90   |  864  |  502  | -7.1518e+02 | 1.45e+00 | 5.99e+01 | 0.00e+00 |
|  91   |  872  |  509  | -7.1522e+02 | 1.45e+00 | 6.00e+01 | 0.00e+00 |
|  92   |  880  |  516  | -7.1524e+02 | 1.45e+00 | 5.98e+01 | 0.00e+00 |
|  93   |  888  |  521  | -7.1524e+02 | 1.45e+00 | 5.99e+01 | 0.00e+00 |
|  94   |  904  |  528  | -7.1524e+02 | 1.45e-01 | 5.99e+01 | 0.00e+00 |
|  95   |  920  |  534  | -7.1524e+02 | 1.99e-02 | 5.99e+01 | 0.00e+00 |
|  96   |  936  |  540  | -7.1524e+02 | 5.89e-03 | 5.99e+01 | 0.00e+00 |
|  97   |  944  |  545  | -7.1525e+02 | 4.13e-02 | 6.00e+01 | 0.00e+00 |
|  98   |  952  |  549  | -7.1525e+02 | 4.13e-02 | 5.99e+01 | 0.00e+00 |
|  99   |  960  |  553  | -7.1525e+02 | 4.13e-02 | 6.00e+01 | 0.00e+00 |
|  100  |  968  |  557  | -7.1525e+02 | 4.13e-02 | 5.99e+01 | 0.00e+00 |
|  101  |  976  |  561  | -7.1525e+02 | 4.13e-02 | 5.99e+01 | 0.00e+00 |
|  102  |  984  |  568  | -7.1530e+02 | 6.27e-02 | 6.06e+01 | 0.00e+00 |
|  103  |  992  |  574  | -7.1567e+02 | 4.39e-01 | 6.09e+01 | 0.00e+00 |
|  104  | 1008  |  580  | -7.1567e+02 | 6.09e-02 | 6.09e+01 | 0.00e+00 |
|  105  | 1016  |  586  | -7.1612e+02 | 4.27e-01 | 6.36e+01 | 0.00e+00 |
|  106  | 1024  |  593  | -7.1634e+02 | 1.07e+00 | 6.66e+01 | 0.00e+00 |
|  107  | 1032  |  600  | -7.1634e+02 | 1.07e-01 | 6.66e+01 | 0.00e+00 |
|  108  | 1040  |  607  | -7.1634e+02 | 4.47e-02 | 6.66e+01 | 0.00e+00 |