          0.0593447       0.0478333       0.0604898       0.0526597       0.0728333       0.0728333       0.0571090       0.0827500       0.0797070       0.0583237
          0.1404509       0.1266667       0.1207068       0.1091855       0.1275000       0.1275000       0.1066216       0.1281250       0.1305610       0.1027849
          0.0802588       0.0670000       0.0774613       0.0679907       0.0888333       0.0888333       0.0708526       0.0916250       0.0948142       0.0707665
          0.0732506       0.0581667       0.0719048       0.0629254       0.0836667       0.0836667       0.0663486       0.0880000       0.0899560       0.0667007
          0.0751114       0.0540000       0.0733939       0.0642775       0.0850833       0.0850833       0.0675594       0.0913125       0.0913561       0.0677945
          0.0555980       0.0399000       0.0573184       0.0498384       0.0698167       0.0698167       0.0545564       0.0785000       0.0768926       0.0560087
          0.0459312       0.0366667       0.0489059       0.0424217       0.0615000       0.0615000       0.0477124       0.0701250       0.0688143       0.0497283
          0.0351954       0.0305000       0.0391360       0.0339107       0.0515833       0.0515833       0.0397084       0.0616000       0.0591742       0.0423399
          0.0194666       0.0197500       0.0237192       0.0206571       0.0350000       0.0350000       0.0267250       0.0448122       0.0427125       0.0301713
          0.0173453       0.0244875       0.0214983       0.0187602       0.0324167       0.0324167       0.0247588       0.0402437       0.0400257       0.0282692
          0.0114273       0.0136833       0.0150497       0.0132534       0.0246667       0.0246667       0.0188980       0.0322500       0.0319365       0.0225700
          0.0137378       0.0179167       0.0176198       0.0154484       0.0278333       0.0278333       0.0212802       0.0347500       0.0352773       0.0249059
          0.0166550       0.0178333       0.0207672       0.0181357       0.0315667       0.0315667       0.0241111       0.0383375       0.0391629       0.0276516
          0.0134711       0.0118333       0.0173275       0.0151987       0.0275000       0.0275000       0.0210242       0.0358750       0.0349552       0.0246697
          0.0211662       0.0203000       0.0254675       0.0221522       0.0369667       0.0369667       0.0282377       0.0445750       0.0447286       0.0316193
          0.0355810       0.0361500       0.0394918       0.0342202       0.0519167       0.0519167       0.0399879       0.0593625       0.0594946       0.0425974
          0.0296344       0.0251200       0.0338512       0.0293496       0.0460000       0.0460000       0.0353021       0.0546667       0.0536486       0.0382254
          0.0202024       0.0163875       0.0244664       0.0212990       0.0357500       0.0357500       0.0273278       0.0448833       0.0433914       0.0307088
          0.0139836       0.0121833       0.0178794       0.0156719       0.0281000       0.0281000       0.0214928       0.0358000       0.0355330       0.0251013
          0.0142662       0.0122750       0.0181901       0.0159368       0.0285000       0.0285000       0.0217894       0.0348125       0.0359963       0.0254118
          0.0131418       0.0116250       0.0169548       0.0148824       0.0270000       0.0270000       0.0206581       0.0337500       0.0344369       0.0243147
          0.0091601       0.0100375       0.0124434       0.0110245       0.0213500       0.0213500       0.0164144       0.0286417       0.0284174       0.0201223
          0.0065790       0.0094286       0.0093596       0.0083765       0.0171929       0.0171929       0.0133205       0.0232214       0.0238183       0.0169710
          0.0080077       0.0095688       0.0110827       0.0098582       0.0195350       0.0195350       0.0150640       0.0254500       0.0264305       0.0187586
          0.0046301       0.0057625       0.0069126       0.0062612       0.0136875       0.0136875       0.0107170       0.0204875       0.0198592       0.0142730
          0.0102418       0.0096700       0.0136869       0.0120905       0.0228900       0.0228900       0.0175777       0.0306900       0.0300401       0.0212622
          0.0147937       0.0135125       0.0187494       0.0164172       0.0290875       0.0290875       0.0222538       0.0374125       0.0365671       0.0258423
          0.0091775       0.0090125       0.0124559       0.0110366       0.0213125       0.0213125       0.0163960       0.0300625       0.0283631       0.0200958
          0.0073299       0.0085200       0.0102676       0.0091585       0.0184200       0.0184200       0.0142363       0.0261050       0.0252133       0.0179238
          0.0063642       0.0067010       0.0090911       0.0081458       0.0168063       0.0168063       0.0130352       0.0247500       0.0234251       0.0166987
          0.0070202       0.0068500       0.0098901       0.0088342       0.0178875       0.0178875       0.0138428       0.0265875       0.0245934       0.0175059
          0.0042728       0.0046280       0.0064464       0.0058563       0.0129800       0.0129800       0.0101929       0.0209810       0.0190415       0.0137190
          0.0037730       0.0044167       0.0057885       0.0052830       0.0119583       0.0119583       0.0094356       0.0197000       0.0178221       0.0128964
          0.0028261       0.0038571       0.0045081       0.0041607       0.0099143       0.0099143       0.0079154       0.0167429       0.0153459       0.0112246
          0.0026505       0.0037500       0.0042648       0.0039462       0.0095125       0.0095125       0.0076158       0.0155500       0.0148591       0.0108954
          0.0028739       0.0036875       0.0045738       0.0042185       0.0100250       0.0100250       0.0079976       0.0156750       0.0154932       0.0113230
          0.0017168       0.0023625       0.0029281       0.0027587       0.0071875       0.0071875       0.0058762       0.0121188       0.0119288       0.0089170
          0.0025645       0.0036333       0.0041438       0.0038394       0.0093042       0.0093042       0.0074609       0.0146125       0.0145885       0.0107137
          0.0022575       0.0038083       0.0037106       0.0034560       0.0085625       0.0085625       0.0069073       0.0136000       0.0136507       0.0100815
          0.0054082       0.0068333       0.0078942       0.0071130       0.0150650       0.0150650       0.0117473       0.0220500       0.0213562       0.0153060
          0.0093852       0.0113750       0.0126855       0.0112353       0.0215500       0.0215500       0.0165854       0.0293821       0.0285212       0.0202328
          0.0055853       0.0073000       0.0081147       0.0073040       0.0153688       0.0153688       0.0119748       0.0219800       0.0216922       0.0155376
          0.0041457       0.0050333       0.0062749       0.0057076       0.0126800       0.0126800       0.0099744       0.0195875       0.0186118       0.0134390
          0.0043277       0.0050214       0.0065127       0.0059145       0.0130500       0.0130500       0.0102482       0.0217759       0.0190611       0.0137412
          0.0033426       0.0041179       0.0052103       0.0047776       0.0110458       0.0110458       0.0087579       0.0182750       0.0167078       0.0121456
          0.0034119       0.0042209       0.0053035       0.0048592       0.0111951       0.0111951       0.0088688       0.0183571       0.0168850       0.0122654
          0.0025298       0.0040250       0.0040947       0.0037961       0.0092333       0.0092333       0.0074072       0.0160875       0.0145124       0.0106612
          0.0027357       0.0038401       0.0043813       0.0040491       0.0097000       0.0097000       0.0077561       0.0164554       0.0150715       0.0110403
          0.0033673       0.0042900       0.0052430       0.0048063       0.0110875       0.0110875       0.0087898       0.0178901       0.0167432       0.0121713
          0.0031507       0.0040750       0.0049509       0.0045501       0.0106375       0.0106375       0.0084536       0.0175150       0.0162199       0.0118151
          0.0029371       0.0042001       0.0046594       0.0042940       0.0101668       0.0101668       0.0081032       0.0165201       0.0156406       0.0114243
          0.0023901       0.0032901       0.0038985       0.0036225       0.0089001       0.0089001       0.0071586       0.0146600       0.0140910       0.0103773
          0.0023715       0.0034167       0.0038718       0.0035989       0.0088377       0.0088377       0.0071131       0.0145752       0.0139970       0.0103153
          0.0048926       0.0053602       0.0072403       0.0065466       0.0141161       0.0141161       0.0110420       0.0209967       0.0202686       0.0145656
          0.0045985       0.0063002       0.0068639       0.0062198       0.0135836       0.0135836       0.0106438       0.0201835       0.0196740       0.0141573
          0.0036942       0.0058827       0.0056835       0.0051913       0.0118019       0.0118019       0.0093188       0.0176701       0.0176216       0.0127618
          0.0031969       0.0046630       0.0050163       0.0046072       0.0107563       0.0107563       0.0085409       0.0162432       0.0163657       0.0119128
          0.0039595       0.0068475       0.0060353       0.0054983       0.0123553       0.0123553       0.0097290       0.0181229       0.0182782       0.0132053
          0.0035075       0.0054592       0.0054383       0.0049767       0.0114663       0.0114663       0.0090651       0.0167339       0.0172677       0.0125156
          0.0051468       0.0070736       0.0075720       0.0068331       0.0146904       0.0146904       0.0114578       0.0206969       0.0210257       0.0150606
          0.0070317       0.0094057       0.0099150       0.0088540       0.0180193       0.0180193       0.0139261       0.0247095       0.0248247       0.0176395
          0.0113132       0.0132849       0.0149193       0.0131422       0.0245752       0.0245752       0.0188164       0.0308532       0.0319376       0.0225397
          0.0064668       0.0080639       0.0092287       0.0082627       0.0170966       0.0170966       0.0132369       0.0239502       0.0238139       0.0169438
          0.0068015       0.0080230       0.0096361       0.0086139       0.0176131       0.0176131       0.0136272       0.0241764       0.0243555       0.0173239
          0.0106967       0.0102549       0.0142149       0.0125408       0.0236051       0.0236051       0.0181046       0.0308935       0.0308384       0.0218023
          0.0076296       0.0076693       0.0106338       0.0094723       0.0189542       0.0189542       0.0146280       0.0254007       0.0257944       0.0183183
          0.0080834       0.0085189       0.0111756       0.0099375       0.0196845       0.0196845       0.0151713       0.0264280       0.0265964       0.0188684
          0.0099650       0.0101502       0.0133769       0.0118238       0.0225690       0.0225690       0.0173233       0.0299801       0.0297472       0.0210371
          0.0307058       0.0461619       0.0348806       0.0302365       0.0471716       0.0471716       0.0361989       0.0478048       0.0549191       0.0391043
          0.0267450       0.0435007       0.0310471       0.0269360       0.0431160       0.0431160       0.0330023       0.0430561       0.0509129       0.0361206
          0.0251199       0.0421003       0.0294485       0.0255621       0.0414261       0.0414261       0.0316711       0.0421823       0.0493001       0.0348984
          0.0267793       0.0419408       0.0310963       0.0269738       0.0432206       0.0432206       0.0330645       0.0425761       0.0511620       0.0362343
          0.0318108       0.0473558       0.0359562       0.0311581       0.0483656       0.0483656       0.0371159       0.0488122       0.0562020       0.0399950
          0.0231618       0.0368351       0.0274958       0.0238872       0.0392689       0.0392689       0.0300012       0.0401377       0.0471225       0.0333186
          0.0144764       0.0239550       0.0184325       0.0161409       0.0289009       0.0289009       0.0220669       0.0297528       0.0365630       0.0257529
          0.0115322       0.0195736       0.0151758       0.0133596       0.0249051       0.0249051       0.0190607       0.0269719       0.0323120       0.0227922
          0.0100789       0.0168514       0.0135218       0.0119454       0.0228152       0.0228152       0.0174953       0.0257163       0.0300453       0.0212264
          0.0073696       0.0107056       0.0103333       0.0092123       0.0186072       0.0186072       0.0143599       0.0210896       0.0254472       0.0180665
          0.0070200       0.0115495       0.0099107       0.0088490       0.0180287       0.0180287       0.0139300       0.0212686       0.0248187       0.0176350
          0.0057895       0.0092792       0.0083960       0.0075438       0.0159259       0.0159259       0.0123674       0.0194552       0.0224657       0.0160293
          0.0054704       0.0088758       0.0079960       0.0071982       0.0153549       0.0153549       0.0119437       0.0188013       0.0218281       0.0155945
          0.0066438       0.0112739       0.0094527       0.0084547       0.0174119       0.0174119       0.0134699       0.0209839       0.0241389       0.0171681
          0.0052343       0.0091477       0.0076985       0.0069407       0.0149449       0.0149449       0.0116374       0.0183775       0.0213867       0.0152900
          0.0060762       0.0103182       0.0087526       0.0078516       0.0164167       0.0164167       0.0127334       0.0192991       0.0229922       0.0163927
          0.0063696       0.0122580       0.0091165       0.0081651       0.0169477       0.0169477       0.0131248       0.0190265       0.0236126       0.0168098
