          0.0118082       0.0201875       0.0190596       0.0146066       0.0266667       0.0266667       0.0155920       0.0343750       0.0289538       0.0137781
          0.0116564       0.0213750       0.0188754       0.0144550       0.0265000       0.0265000       0.0154679       0.0348750       0.0288163       0.0136669
          0.0083923       0.0178750       0.0147247       0.0110678       0.0223333       0.0223333       0.0126241       0.0296250       0.0250989       0.0113759
          0.0068735       0.0157625       0.0126486       0.0093938       0.0201333       0.0201333       0.0111442       0.0262500       0.0230948       0.0101591
          0.0061367       0.0112333       0.0116001       0.0085543       0.0190000       0.0190000       0.0103797       0.0259500       0.0220831       0.0095081
          0.0059381       0.0107833       0.0113115       0.0083243       0.0186750       0.0186750       0.0101662       0.0258833       0.0217701       0.0093336
          0.0053945       0.0149250       0.0105077       0.0076860       0.0177333       0.0177333       0.0095614       0.0240000       0.0208522       0.0088407
          0.0051637       0.0109500       0.0101600       0.0074108       0.0173250       0.0173250       0.0092973       0.0242667       0.0204664       0.0086172
          0.0045747       0.0099000       0.0092588       0.0066995       0.0163000       0.0163000       0.0086117       0.0227584       0.0195255       0.0080193
          0.0046006       0.0101833       0.0092976       0.0067305       0.0163250       0.0163250       0.0086383       0.0227252       0.0195327       0.0080488
          0.0042868       0.0103875       0.0088045       0.0063438       0.0157250       0.0157250       0.0082529       0.0201250       0.0189617       0.0077167
          0.0045336       0.0102833       0.0091935       0.0066485       0.0162000       0.0162000       0.0085572       0.0189125       0.0194146       0.0079786
          0.0040348       0.0096250       0.0084034       0.0060298       0.0152500       0.0152500       0.0079395       0.0200333       0.0185122       0.0074412
          0.0038438       0.0085833       0.0080954       0.0057895       0.0148833       0.0148833       0.0076972       0.0189750       0.0181667       0.0072270
          0.0065067       0.0122500       0.0121296       0.0089780       0.0195625       0.0195625       0.0107657       0.0245200       0.0225776       0.0098420
          0.0079184       0.0126230       0.0140832       0.0105506       0.0216134       0.0216134       0.0121679       0.0260250       0.0244199       0.0110234
          0.0061994       0.0109500       0.0116820       0.0086224       0.0190167       0.0190167       0.0104320       0.0245750       0.0220328       0.0095842
          0.0059323       0.0096125       0.0112927       0.0083125       0.0185833       0.0185833       0.0101445       0.0249500       0.0216369       0.0093408
          0.0049281       0.0089500       0.0097948       0.0071244       0.0168789       0.0168789       0.0090171       0.0221333       0.0200490       0.0083800
          0.0050991       0.0086000       0.0100569       0.0073309       0.0172000       0.0172000       0.0092193       0.0221500       0.0203687       0.0085462
          0.0028948       0.0071400       0.0064933       0.0045534       0.0128100       0.0128100       0.0063855       0.0177500       0.0161478       0.0060631
          0.0026471       0.0080321       0.0060569       0.0042199       0.0122321       0.0122321       0.0060181       0.0158893       0.0155733       0.0057285
          0.0021586       0.0082250       0.0051647       0.0035442       0.0109750       0.0109750       0.0052397       0.0139000       0.0142912       0.0050132
          0.0018402       0.0062417       0.0045578       0.0030893       0.0100948       0.0100948       0.0046944       0.0128786       0.0133965       0.0044972
          0.0013292       0.0051933       0.0035283       0.0023283       0.0084917       0.0084917       0.0037202       0.0117167       0.0117042       0.0035495
          0.0021622       0.0059000       0.0051684       0.0035477       0.0109643       0.0109643       0.0052402       0.0145500       0.0142799       0.0050159
          0.0017608       0.0054917       0.0044002       0.0029726       0.0098333       0.0098333       0.0045447       0.0126833       0.0131087       0.0043585
          0.0012648       0.0054583       0.0033912       0.0022284       0.0082583       0.0082583       0.0035836       0.0107417       0.0114520       0.0034144
          0.0010886       0.0047673       0.0030109       0.0019519       0.0076214       0.0076214       0.0032008       0.0100000       0.0107628       0.0030259
          0.0015048       0.0039377       0.0038889       0.0025937       0.0090625       0.0090625       0.0040683       0.0082500       0.0123228       0.0038929
          0.0006841       0.0036573       0.0020722       0.0012808       0.0058866       0.0058866       0.0021824       0.0077792       0.0087890       0.0019534
          0.0003921       0.0030750       0.0013006       0.0007411       0.0042333       0.0042333       0.0012230       0.0054417       0.0068107       0.0008632
          0.0006671       0.0046650       0.0020296       0.0012509       0.0058000       0.0058000       0.0021330       0.0071400       0.0086885       0.0018996
          0.0005180       0.0035357       0.0016471       0.0009825       0.0050036       0.0050036       0.0016728       0.0066500       0.0077343       0.0013884
          0.0005606       0.0034917       0.0017587       0.0010606       0.0052417       0.0052417       0.0018106       0.0067667       0.0080217       0.0015437
          0.0004297       0.0031450       0.0014064       0.0008148       0.0044700       0.0044700       0.0013644       0.0062500       0.0070911       0.0010326
          0.0002672       0.0020500       0.0009159       0.0004751       0.0032600       0.0032600       0.0006703       0.0046900       0.0055611       0.0002016
          0.0003877       0.0027000       0.0012864       0.0007317       0.0041857       0.0041857       0.0012035       0.0057500       0.0067299       0.0008463
          0.0003542       0.0030375       0.0011879       0.0006635       0.0039458       0.0039458       0.0010674       0.0049917       0.0064228       0.0006868
          0.0006208       0.0047000       0.0019117       0.0011684       0.0055500       0.0055500       0.0019938       0.0070250       0.0083680       0.0017517
          0.0005938       0.0038583       0.0018427       0.0011200       0.0054050       0.0054050       0.0019112       0.0068417       0.0081942       0.0016610
          0.0003855       0.0033083       0.0012790       0.0007268       0.0041600       0.0041600       0.0011932       0.0053083       0.0066845       0.0008382
          0.0003522       0.0027917       0.0011813       0.0006591       0.0039300       0.0039300       0.0010586       0.0050208       0.0064013       0.0006768
          0.0004058       0.0028833       0.0013378       0.0007674       0.0043083       0.0043083       0.0012734       0.0057571       0.0068796       0.0009291
          0.0003571       0.0030643       0.0011964       0.0006694       0.0039729       0.0039729       0.0010799       0.0050696       0.0064662       0.0006992
          0.0003668       0.0029375       0.0012249       0.0006892       0.0040429       0.0040429       0.0011197       0.0051333       0.0065532       0.0007465
          0.0002716       0.0025100       0.0009300       0.0004850       0.0033000       0.0033000       0.0006922       0.0043900       0.0056122       0.0002284
          0.0002947       0.0025375       0.0010045       0.0005367       0.0034900       0.0034900       0.0008040       0.0045708       0.0058508       0.0003675
          0.0003200       0.0025750       0.0010839       0.0005916       0.0036900       0.0036900       0.0009200       0.0048417       0.0061035       0.0005092
          0.0003021       0.0024714       0.0010282       0.0005530       0.0035555       0.0035555       0.0008391       0.0048059       0.0059384       0.0004087
          0.0002589       0.0024600       0.0008879       0.0004559       0.0031875       0.0031875       0.0006278       0.0041000       0.0054606       0.0001504
          0.0002440       0.0024250       0.0008373       0.0004208       0.0030500       0.0030500       0.0005490       0.0038833       0.0052843       0.0000522
          0.0002888       0.0026040       0.0009857       0.0005237       0.0034375       0.0034375       0.0007760       0.0043100       0.0057792       0.0003349
          0.0007725       0.0038983       0.0022840       0.0014316       0.0062820       0.0062820       0.0024214       0.0077402       0.0092164       0.0022179
          0.0009524       0.0057167       0.0027024       0.0017306       0.0070667       0.0070667       0.0028787       0.0084167       0.0101121       0.0026989
          0.0007810       0.0054020       0.0023060       0.0014468       0.0063418       0.0063418       0.0024483       0.0072804       0.0093070       0.0022418
          0.0007243       0.0050007       0.0021699       0.0013501       0.0060842       0.0060842       0.0022958       0.0068229       0.0090062       0.0020774
          0.0013731       0.0067508       0.0036162       0.0023937       0.0086277       0.0086277       0.0038063       0.0095338       0.0118368       0.0036378
          0.0011301       0.0060632       0.0031023       0.0020180       0.0078038       0.0078038       0.0032997       0.0088170       0.0109637       0.0031237
          0.0018957       0.0070939       0.0046632       0.0031685       0.0102708       0.0102708       0.0047958       0.0109861       0.0135846       0.0045916
          0.0022424       0.0075751       0.0053236       0.0036632       0.0112429       0.0112429       0.0053882       0.0131589       0.0146033       0.0051432
          0.0026883       0.0072835       0.0061341       0.0042777       0.0123804       0.0123804       0.0060923       0.0148173       0.0157454       0.0057881
          0.0012313       0.0054312       0.0033268       0.0021796       0.0082137       0.0082137       0.0035301       0.0102231       0.0114381       0.0033495
          0.0008211       0.0042599       0.0024074       0.0015173       0.0065665       0.0065665       0.0025637       0.0085482       0.0095961       0.0023563
          0.0013093       0.0056657       0.0034894       0.0022991       0.0084409       0.0084409       0.0036836       0.0107827       0.0116511       0.0035109
          0.0011698       0.0052418       0.0031912       0.0020818       0.0079500       0.0079500       0.0033878       0.0100016       0.0111169       0.0032132
          0.0021179       0.0076081       0.0050900       0.0034875       0.0108878       0.0108878       0.0051773       0.0132167       0.0142122       0.0049512
          0.0103312       0.0232100       0.0172221       0.0131044       0.0248465       0.0248465       0.0143540       0.0259920       0.0273492       0.0127842
          0.0566954       0.0609409       0.0598960       0.0489755       0.0608167       0.0608167       0.0398812       0.0615688       0.0576105       0.0322569
          0.1045851       0.1011665       0.0909643       0.0751372       0.0837706       0.0837706       0.0563132       0.0714367       0.0761236       0.0443027
          0.1057824       0.1101820       0.0916554       0.0757072       0.0842351       0.0842351       0.0565893       0.0741155       0.0764063       0.0443703
          0.1050749       0.1046312       0.0912473       0.0753536       0.0839319       0.0839319       0.0563520       0.0723620       0.0760875       0.0440812
          0.1071809       0.0963503       0.0924483       0.0763580       0.0848149       0.0848149       0.0570084       0.0762084       0.0768538       0.0446533
          0.0436845       0.0548576       0.0498313       0.0404351       0.0530221       0.0530221       0.0342169       0.0503049       0.0512016       0.0279641
          0.0220025       0.0338151       0.0303081       0.0239536       0.0369821       0.0369821       0.0227603       0.0360124       0.0378631       0.0193070
          0.0139592       0.0223956       0.0216185       0.0167129       0.0291397       0.0291397       0.0172766       0.0309111       0.0311368       0.0150796
          0.0160030       0.0227525       0.0239408       0.0186375       0.0312939       0.0312939       0.0187773       0.0336443       0.0329965       0.0162689
          0.0106692       0.0159052       0.0176641       0.0134597       0.0253165       0.0253165       0.0146498       0.0265287       0.0277684       0.0130116
          0.0106198       0.0153279       0.0176036       0.0134097       0.0252543       0.0252543       0.0146080       0.0272362       0.0277177       0.0129753
          0.0058202       0.0086158       0.0111449       0.0081899       0.0184881       0.0184881       0.0100410       0.0210559       0.0215918       0.0092290
          0.0044754       0.0090313       0.0091094       0.0065806       0.0161370       0.0161370       0.0084968       0.0188727       0.0193906       0.0079128
          0.0058478       0.0111839       0.0111859       0.0082224       0.0185370       0.0185370       0.0100719       0.0212004       0.0216388       0.0092539
          0.0043719       0.0089163       0.0089477       0.0064534       0.0159606       0.0159606       0.0083740       0.0185520       0.0192350       0.0078022
          0.0048198       0.0097264       0.0096431       0.0070006       0.0167550       0.0167550       0.0089064       0.0191562       0.0199591       0.0082709
          0.0040944       0.0095618       0.0085067       0.0061084       0.0154155       0.0154155       0.0080266       0.0177683       0.0186969       0.0075065
