          0.0018912       0.0020333       0.0020607       0.0017078       0.0035333       0.0035333       0.0018235       0.0050375       0.0052104       0.0018426
          0.0026540       0.0027167       0.0028564       0.0021381       0.0047500       0.0047500       0.0020847       0.0062250       0.0067712       0.0020211
          0.0020639       0.0022000       0.0022419       0.0018092       0.0038167       0.0038167       0.0018865       0.0054125       0.0055824       0.0018860
          0.0017878       0.0022333       0.0019520       0.0016458       0.0033667       0.0033667       0.0017846       0.0048500       0.0049949       0.0018159
          0.0019198       0.0020625       0.0020909       0.0017248       0.0035875       0.0035875       0.0018344       0.0049667       0.0053017       0.0018503
          0.0015136       0.0017250       0.0016627       0.0014756       0.0029125       0.0029125       0.0016759       0.0042000       0.0044043       0.0017410
          0.0014222       0.0011500       0.0015655       0.0014167       0.0027500       0.0027500       0.0016365       0.0040000       0.0041651       0.0017124
          0.0013647       0.0014667       0.0015044       0.0013791       0.0026500       0.0026500       0.0016113       0.0040000       0.0040292       0.0016946
          0.0015775       0.0017000       0.0017302       0.0015160       0.0030167       0.0030167       0.0017017       0.0044330       0.0045331       0.0017585
          0.0013711       0.0029833       0.0015112       0.0013833       0.0026625       0.0026625       0.0016144       0.0041333       0.0040506       0.0016970
          0.0014632       0.0016500       0.0016089       0.0014432       0.0028167       0.0028167       0.0016535       0.0042375       0.0042579       0.0017243
          0.0012670       0.0011750       0.0014005       0.0013141       0.0024833       0.0024833       0.0015681       0.0035750       0.0038080       0.0016645
          0.0012693       0.0014000       0.0014029       0.0013157       0.0024875       0.0024875       0.0015691       0.0036000       0.0038155       0.0016654
          0.0010566       0.0016500       0.0011753       0.0011683       0.0021167       0.0021167       0.0014687       0.0031000       0.0033070       0.0015949
          0.0009489       0.0011500       0.0010596       0.0010903       0.0019250       0.0019250       0.0014141       0.0027833       0.0030426       0.0015567
          0.0012753       0.0013845       0.0014090       0.0013195       0.0024926       0.0024926       0.0015709       0.0035250       0.0038156       0.0016660
          0.0010423       0.0018000       0.0011596       0.0011579       0.0020833       0.0020833       0.0014595       0.0026000       0.0032485       0.0015866
          0.0006252       0.0006750       0.0007074       0.0008351       0.0013167       0.0013167       0.0012222       0.0021125       0.0021496       0.0014156
          0.0005267       0.0005710       0.0005991       0.0007495       0.0011259       0.0011259       0.0011548       0.0017500       0.0018643       0.0013666
          0.0005787       0.0005545       0.0006564       0.0007954       0.0012293       0.0012293       0.0011923       0.0018125       0.0020254       0.0013956
          0.0005591       0.0005555       0.0006347       0.0007782       0.0011905       0.0011905       0.0011783       0.0017750       0.0019680       0.0013856
          0.0005002       0.0005250       0.0005697       0.0007256       0.0010750       0.0010750       0.0011364       0.0016375       0.0017919       0.0013549
          0.0004917       0.0006217       0.0005602       0.0007177       0.0010560       0.0010560       0.0011286       0.0015000       0.0017597       0.0013478
          0.0005004       0.0006452       0.0005697       0.0007255       0.0010734       0.0010734       0.0011351       0.0015417       0.0017887       0.0013534
          0.0004326       0.0005648       0.0004943       0.0006621       0.0009362       0.0009362       0.0010823       0.0013083       0.0015759       0.0013140
          0.0003907       0.0005352       0.0004473       0.0006213       0.0008488       0.0008488       0.0010467       0.0013917       0.0014361       0.0012864
          0.0004644       0.0006452       0.0005297       0.0006921       0.0009986       0.0009986       0.0011057       0.0016300       0.0016699       0.0013300
          0.0004343       0.0005940       0.0004961       0.0006636       0.0009386       0.0009386       0.0010827       0.0017300       0.0015796       0.0013141
          0.0004538       0.0005864       0.0005179       0.0006822       0.0009786       0.0009786       0.0010985       0.0016833       0.0016434       0.0013263
          0.0004956       0.0006125       0.0005643       0.0007209       0.0010625       0.0010625       0.0011305       0.0016500       0.0017742       0.0013502
          0.0004159       0.0005667       0.0004754       0.0006457       0.0009000       0.0009000       0.0010669       0.0016100       0.0015177       0.0013016
          0.0004073       0.0005333       0.0004658       0.0006374       0.0008833       0.0008833       0.0010607       0.0013500       0.0014933       0.0012978
          0.0004820       0.0005667       0.0005490       0.0007081       0.0010333       0.0010333       0.0011187       0.0015333       0.0017255       0.0013401
          0.0005479       0.0006000       0.0006218       0.0007674       0.0011625       0.0011625       0.0011664       0.0016625       0.0019200       0.0013743
          0.0005033       0.0007250       0.0005726       0.0007275       0.0010750       0.0010750       0.0011342       0.0015500       0.0017874       0.0013507
          0.0004906       0.0005667       0.0005585       0.0007159       0.0010500       0.0010500       0.0011249       0.0016750       0.0017499       0.0013441
          0.0005415       0.0006333       0.0006147       0.0007617       0.0011500       0.0011500       0.0011618       0.0016667       0.0019015       0.0013710
          0.0006789       0.0007500       0.0007653       0.0008789       0.0014125       0.0014125       0.0012531       0.0021000       0.0022919       0.0014375
          0.0006551       0.0008000       0.0007393       0.0008591       0.0013667       0.0013667       0.0012375       0.0021000       0.0022216       0.0014255
          0.0007621       0.0008500       0.0008558       0.0009460       0.0015667       0.0015667       0.0013034       0.0022750       0.0025128       0.0014733
          0.0010680       0.0010500       0.0011856       0.0011749       0.0021167       0.0021167       0.0014686       0.0028625       0.0032910       0.0015921
          0.0007674       0.0011167       0.0008614       0.0009500       0.0015750       0.0015750       0.0013059       0.0020500       0.0025237       0.0014747
          0.0006662       0.0008000       0.0007513       0.0008682       0.0013875       0.0013875       0.0012445       0.0018500       0.0022516       0.0014304
          0.0006810       0.0008750       0.0007675       0.0008805       0.0014167       0.0014167       0.0012545       0.0018200       0.0022971       0.0014384
          0.0006107       0.0008126       0.0006907       0.0008217       0.0012836       0.0012836       0.0012092       0.0014626       0.0021015       0.0014056
          0.0004575       0.0006376       0.0005216       0.0006850       0.0009835       0.0009835       0.0010992       0.0013501       0.0016450       0.0013243
          0.0003921       0.0004876       0.0004485       0.0006220       0.0008502       0.0008502       0.0010463       0.0013127       0.0014369       0.0012851
          0.0004351       0.0004835       0.0004967       0.0006638       0.0009376       0.0009376       0.0010810       0.0013334       0.0015727       0.0013103
          0.0004477       0.0005167       0.0005107       0.0006757       0.0009626       0.0009626       0.0010907       0.0014001       0.0016110       0.0013172
          0.0003861       0.0004667       0.0004417       0.0006161       0.0008376       0.0008376       0.0010411       0.0012334       0.0014163       0.0012810
          0.0002402       0.0002834       0.0002740       0.0004593       0.0005168       0.0005168       0.0008986       0.0008168       0.0008899       0.0011718
          0.0002598       0.0002877       0.0002972       0.0004820       0.0005626       0.0005626       0.0009203       0.0008126       0.0009676       0.0011888
          0.0002495       0.0003126       0.0002850       0.0004700       0.0005376       0.0005376       0.0009075       0.0008667       0.0009244       0.0011778
          0.0003929       0.0004002       0.0004493       0.0006228       0.0008502       0.0008502       0.0010456       0.0013752       0.0014328       0.0012826
          0.0005075       0.0005668       0.0005771       0.0007311       0.0010834       0.0010834       0.0011373       0.0014336       0.0017969       0.0013521
          0.0005070       0.0005001       0.0005767       0.0007309       0.0010836       0.0010836       0.0011378       0.0014336       0.0018009       0.0013537
          0.0003835       0.0005669       0.0004390       0.0006138       0.0008335       0.0008335       0.0010402       0.0012168       0.0014099       0.0012807
          0.0008498       0.0009835       0.0009512       0.0010146       0.0017335       0.0017335       0.0013562       0.0023835       0.0027610       0.0015132
          0.0007744       0.0011252       0.0008698       0.0009563       0.0016001       0.0016001       0.0013152       0.0023503       0.0025755       0.0014852
          0.0016027       0.0012753       0.0017553       0.0015312       0.0030502       0.0030502       0.0017108       0.0047501       0.0045780       0.0017646
          0.0023586       0.0019503       0.0025485       0.0019765       0.0042834       0.0042834       0.0019883       0.0065835       0.0061901       0.0019555
          0.0028899       0.0030002       0.0030999       0.0022634       0.0051168       0.0051168       0.0021580       0.0073002       0.0072360       0.0020704
          0.0010266       0.0011503       0.0011430       0.0011467       0.0020668       0.0020668       0.0014545       0.0036502       0.0032512       0.0015864
          0.0012773       0.0008753       0.0014111       0.0013208       0.0025003       0.0025003       0.0015724       0.0040503       0.0038451       0.0016685
          0.0014255       0.0013002       0.0015684       0.0014186       0.0027502       0.0027502       0.0016370       0.0050502       0.0041755       0.0017130
          0.0018455       0.0018002       0.0020117       0.0016802       0.0034504       0.0034504       0.0018057       0.0051336       0.0051020       0.0018303
          0.0027278       0.0028002       0.0029313       0.0021775       0.0048503       0.0048503       0.0021084       0.0067669       0.0068857       0.0020378
          0.0030215       0.0030359       0.0032348       0.0023319       0.0053034       0.0053034       0.0021986       0.0074335       0.0074541       0.0020986
          0.0114716       0.0144169       0.0116408       0.0058267       0.0165002       0.0165002       0.0040155       0.0183501       0.0201604       0.0032978
          0.0142202       0.0160252       0.0142899       0.0067773       0.0197419       0.0197419       0.0044637       0.0221002       0.0236084       0.0035851
          0.0173716       0.0193420       0.0172898       0.0078094       0.0233097       0.0233097       0.0049353       0.0256002       0.0273610       0.0038779
          0.0195457       0.0234128       0.0193413       0.0084903       0.0256830       0.0256830       0.0052432       0.0276667       0.0298349       0.0040637
          0.0301844       0.0327960       0.0291427       0.0116073       0.0365003       0.0365003       0.0066380       0.0367668       0.0406465       0.0049588
          0.0199140       0.0220502       0.0196838       0.0086065       0.0260616       0.0260616       0.0053021       0.0286002       0.0301776       0.0041148
          0.0127125       0.0147500       0.0128460       0.0062590       0.0180168       0.0180168       0.0042095       0.0202002       0.0218361       0.0034092
          0.0113896       0.0136335       0.0115672       0.0057936       0.0164336       0.0164336       0.0039902       0.0181669       0.0201214       0.0032733
          0.0101844       0.0103670       0.0103946       0.0053570       0.0149668       0.0149668       0.0037789       0.0171002       0.0185210       0.0031395
          0.0071236       0.0071834       0.0073813       0.0041793       0.0110737       0.0110737       0.0031937       0.0129334       0.0142165       0.0027593
          0.0064906       0.0075500       0.0067511       0.0039194       0.0102336       0.0102336       0.0030603       0.0123336       0.0132726       0.0026710
          0.0069039       0.0085333       0.0071632       0.0040897       0.0107881       0.0107881       0.0031469       0.0123168       0.0139012       0.0027275
          0.0057103       0.0054168       0.0059703       0.0035893       0.0091838       0.0091838       0.0028872       0.0114668       0.0120777       0.0025561
          0.0067985       0.0063502       0.0070584       0.0040465       0.0106503       0.0106503       0.0031244       0.0132930       0.0137476       0.0027124
          0.0070557       0.0077168       0.0073147       0.0041513       0.0110001       0.0110001       0.0031759       0.0132002       0.0141574       0.0027436
          0.0071473       0.0068964       0.0074051       0.0041888       0.0111018       0.0111018       0.0031992       0.0135921       0.0142417       0.0027639
          0.0069128       0.0068305       0.0071725       0.0040931       0.0108034       0.0108034       0.0031479       0.0130058       0.0139170       0.0027281
