          0.0080615       0.0080000       0.0075475       0.0053433       0.0100000       0.0100000       0.0046259       0.0125250       0.0121903       0.0042958
          0.0082946       0.0080000       0.0077538       0.0054433       0.0102500       0.0102500       0.0046771       0.0130000       0.0124756       0.0043277
          0.0042491       0.0038750       0.0041196       0.0035443       0.0058150       0.0058150       0.0036342       0.0077500       0.0075057       0.0036344
          0.0039791       0.0035000       0.0038714       0.0034004       0.0055000       0.0055000       0.0035503       0.0068667       0.0071388       0.0035779
          0.0028517       0.0029000       0.0028250       0.0027606       0.0041500       0.0041500       0.0031656       0.0061375       0.0055697       0.0033186
          0.0025194       0.0025450       0.0025124       0.0025566       0.0037350       0.0037350       0.0030375       0.0054500       0.0050658       0.0032306
          0.0019380       0.0019000       0.0019600       0.0021760       0.0029833       0.0029833       0.0027878       0.0042875       0.0041310       0.0030546
          0.0017495       0.0016500       0.0017790       0.0020445       0.0027333       0.0027333       0.0026983       0.0038500       0.0038205       0.0029917
          0.0012397       0.0011600       0.0012843       0.0016611       0.0020433       0.0020433       0.0024321       0.0030667       0.0029577       0.0028082
          0.0013505       0.0010655       0.0013926       0.0017484       0.0021945       0.0021945       0.0024927       0.0029750       0.0031459       0.0028484
          0.0012013       0.0011225       0.0012465       0.0016299       0.0019850       0.0019850       0.0024056       0.0029000       0.0028772       0.0027864
          0.0015028       0.0015220       0.0015408       0.0018647       0.0024030       0.0024030       0.0025748       0.0037250       0.0034106       0.0029064
          0.0020827       0.0015935       0.0020981       0.0022739       0.0031710       0.0031710       0.0028524       0.0042333       0.0043663       0.0031004
          0.0019494       0.0016500       0.0019710       0.0021840       0.0030000       0.0030000       0.0027939       0.0039750       0.0041588       0.0030606
          0.0022287       0.0017190       0.0022372       0.0023706       0.0033625       0.0033625       0.0029170       0.0043250       0.0046084       0.0031468
          0.0021089       0.0016000       0.0021229       0.0022913       0.0032000       0.0032000       0.0028618       0.0045250       0.0043951       0.0031051
          0.0022092       0.0019215       0.0022180       0.0023572       0.0033268       0.0033268       0.0029043       0.0044167       0.0045461       0.0031338
          0.0017747       0.0012937       0.0018027       0.0020615       0.0027615       0.0027615       0.0027072       0.0040750       0.0038537       0.0029968
          0.0012677       0.0009500       0.0013112       0.0016825       0.0020750       0.0020750       0.0024417       0.0035125       0.0029907       0.0028105
          0.0015023       0.0012250       0.0015398       0.0018636       0.0024000       0.0024000       0.0025727       0.0036500       0.0034100       0.0029054
          0.0014053       0.0009750       0.0014455       0.0017899       0.0022667       0.0022667       0.0025200       0.0033625       0.0032426       0.0028687
          0.0013291       0.0012750       0.0013712       0.0017309       0.0021625       0.0021625       0.0024785       0.0032000       0.0031100       0.0028396
          0.0013707       0.0011250       0.0014116       0.0017630       0.0022167       0.0022167       0.0024991       0.0033500       0.0031746       0.0028520
          0.0012501       0.0010167       0.0012937       0.0016680       0.0020500       0.0020500       0.0024308       0.0031438       0.0029644       0.0028049
          0.0012018       0.0011125       0.0012463       0.0016289       0.0019813       0.0019813       0.0024013       0.0027714       0.0028759       0.0027837
          0.0014581       0.0013000       0.0014963       0.0018294       0.0023333       0.0023333       0.0025441       0.0034750       0.0033221       0.0028831
          0.0016198       0.0013625       0.0016528       0.0019494       0.0025500       0.0025500       0.0026272       0.0034357       0.0035932       0.0029408
          0.0015316       0.0012167       0.0015676       0.0018845       0.0024333       0.0024333       0.0025831       0.0034286       0.0034517       0.0029116
          0.0016130       0.0015625       0.0016463       0.0019445       0.0025435       0.0025435       0.0026254       0.0034000       0.0035926       0.0029420
          0.0015659       0.0012750       0.0016007       0.0019098       0.0024803       0.0024803       0.0026013       0.0034667       0.0035143       0.0029254
          0.0018801       0.0016500       0.0019029       0.0021342       0.0028946       0.0028946       0.0027536       0.0040083       0.0040250       0.0030300
          0.0016161       0.0012625       0.0016491       0.0019465       0.0025471       0.0025471       0.0026264       0.0037000       0.0035960       0.0029423
          0.0017992       0.0014125       0.0018251       0.0020774       0.0027875       0.0027875       0.0027148       0.0038574       0.0038923       0.0030028
          0.0018003       0.0013875       0.0018260       0.0020780       0.0027875       0.0027875       0.0027144       0.0037643       0.0038876       0.0030013
          0.0018478       0.0016500       0.0018716       0.0021112       0.0028500       0.0028500       0.0027370       0.0038875       0.0039660       0.0030173
          0.0014359       0.0009833       0.0014742       0.0018116       0.0023000       0.0023000       0.0025296       0.0031625       0.0032789       0.0028720
          0.0016215       0.0011250       0.0016538       0.0019497       0.0025500       0.0025500       0.0026262       0.0036083       0.0035921       0.0029395
          0.0020281       0.0015000       0.0020438       0.0022348       0.0030833       0.0030833       0.0028193       0.0043000       0.0042504       0.0030739
          0.0017423       0.0011333       0.0017701       0.0020366       0.0027083       0.0027083       0.0026848       0.0037333       0.0037837       0.0029787
          0.0017583       0.0013500       0.0017854       0.0020479       0.0027292       0.0027292       0.0026924       0.0039500       0.0038081       0.0029837
          0.0018845       0.0015500       0.0019063       0.0021363       0.0028938       0.0028938       0.0027519       0.0042813       0.0040106       0.0030251
          0.0017187       0.0012667       0.0017471       0.0020194       0.0026750       0.0026750       0.0026719       0.0038250       0.0037392       0.0029686
          0.0015769       0.0013500       0.0016104       0.0019166       0.0024875       0.0024875       0.0026016       0.0036875       0.0035072       0.0029199
          0.0020505       0.0016000       0.0020650       0.0022497       0.0031125       0.0031125       0.0028294       0.0043150       0.0042850       0.0030808
          0.0016093       0.0011375       0.0016419       0.0019407       0.0025334       0.0025334       0.0026198       0.0036417       0.0035698       0.0029345
          0.0012433       0.0010005       0.0012861       0.0016608       0.0020340       0.0020340       0.0024206       0.0030500       0.0029364       0.0027934
          0.0011239       0.0010835       0.0011689       0.0015635       0.0018670       0.0018670       0.0023493       0.0027500       0.0027223       0.0027433
          0.0014434       0.0012258       0.0014812       0.0018169       0.0023085       0.0023085       0.0025322       0.0035976       0.0032851       0.0028721
          0.0016984       0.0015170       0.0017277       0.0020051       0.0026504       0.0026504       0.0026633       0.0039708       0.0037132       0.0029641
          0.0019102       0.0016593       0.0019311       0.0021542       0.0029320       0.0029320       0.0027663       0.0041632       0.0040658       0.0030374
          0.0015584       0.0013345       0.0015928       0.0019032       0.0024660       0.0024660       0.0025943       0.0037333       0.0034838       0.0029162
          0.0016576       0.0014898       0.0016885       0.0019758       0.0025987       0.0025987       0.0026446       0.0038283       0.0036512       0.0029520
          0.0016142       0.0015472       0.0016465       0.0019441       0.0025375       0.0025375       0.0026207       0.0037967       0.0035712       0.0029337
          0.0030712       0.0024231       0.0030267       0.0028888       0.0043853       0.0043853       0.0032381       0.0060495       0.0058094       0.0033632
          0.0031068       0.0025500       0.0030600       0.0029098       0.0044333       0.0044333       0.0032520       0.0061667       0.0058708       0.0033733
          0.0022471       0.0020083       0.0022524       0.0023804       0.0033685       0.0033685       0.0029170       0.0042731       0.0046028       0.0031431
          0.0021773       0.0020375       0.0021863       0.0023348       0.0032807       0.0032807       0.0028877       0.0042325       0.0044941       0.0031225
          0.0040475       0.0049864       0.0039311       0.0034362       0.0055565       0.0055565       0.0035700       0.0061969       0.0071920       0.0035909
          0.0034229       0.0043755       0.0033554       0.0030925       0.0048296       0.0048296       0.0033660       0.0054833       0.0063574       0.0034529
          0.0051909       0.0038883       0.0049754       0.0040247       0.0068769       0.0068769       0.0039093       0.0089670       0.0087154       0.0038194
          0.0065027       0.0071945       0.0061588       0.0046501       0.0083350       0.0083350       0.0042547       0.0103568       0.0103691       0.0040480
          0.0062801       0.0046328       0.0059599       0.0045469       0.0081008       0.0081008       0.0041972       0.0110226       0.0101080       0.0040096
          0.0038918       0.0038959       0.0037906       0.0033530       0.0054000       0.0054000       0.0035226       0.0069731       0.0070395       0.0035595
          0.0039183       0.0033337       0.0038146       0.0033673       0.0054206       0.0054206       0.0035302       0.0080030       0.0070545       0.0035644
          0.0058577       0.0046723       0.0055793       0.0043482       0.0076166       0.0076166       0.0040906       0.0132320       0.0095474       0.0039409
          0.0059836       0.0035962       0.0056923       0.0044079       0.0077564       0.0077564       0.0041234       0.0106695       0.0097033       0.0039628
          0.0079482       0.0059893       0.0074451       0.0052954       0.0098690       0.0098690       0.0046034       0.0135000       0.0120450       0.0042820
          0.0101191       0.0084545       0.0093539       0.0062001       0.0121154       0.0121154       0.0050736       0.0176792       0.0144953       0.0045906
          0.0195919       0.0174071       0.0174534       0.0096239       0.0212234       0.0212234       0.0067494       0.0228001       0.0240959       0.0056814
          0.0252610       0.0228738       0.0221811       0.0114311       0.0263514       0.0263514       0.0075827       0.0303182       0.0293702       0.0062143
          0.0230991       0.0223346       0.0203888       0.0107537       0.0244398       0.0244398       0.0072582       0.0255264       0.0274439       0.0059922
          0.0219734       0.0201519       0.0194534       0.0103913       0.0234307       0.0234307       0.0070869       0.0242587       0.0264348       0.0058713
          0.0276684       0.0246524       0.0241725       0.0121565       0.0284873       0.0284873       0.0079030       0.0298859       0.0315812       0.0064022
          0.0211569       0.0165278       0.0187697       0.0101306       0.0226800       0.0226800       0.0069718       0.0238489       0.0256296       0.0058112
          0.0159948       0.0170895       0.0144175       0.0083927       0.0178975       0.0178975       0.0061453       0.0188999       0.0206783       0.0052737
          0.0102397       0.0116910       0.0094629       0.0062457       0.0122620       0.0122620       0.0050887       0.0121735       0.0146773       0.0045941
          0.0088431       0.0103510       0.0082388       0.0056743       0.0108295       0.0108295       0.0047955       0.0111728       0.0131132       0.0044042
          0.0060705       0.0075125       0.0057733       0.0044486       0.0078710       0.0078710       0.0041435       0.0079832       0.0098427       0.0039747
          0.0078559       0.0093340       0.0073669       0.0052538       0.0097915       0.0097915       0.0045767       0.0093973       0.0119758       0.0042609
          0.0061905       0.0068820       0.0058814       0.0045047       0.0080050       0.0080050       0.0041739       0.0086372       0.0099968       0.0039944
          0.0081929       0.0086955       0.0076653       0.0053990       0.0101500       0.0101500       0.0046522       0.0111484       0.0123733       0.0043098
          0.0060401       0.0035050       0.0057463       0.0044342       0.0078410       0.0078410       0.0041352       0.0111755       0.0098146       0.0039685
          0.0065187       0.0055500       0.0061761       0.0046568       0.0083700       0.0083700       0.0042556       0.0094600       0.0104160       0.0040471
          0.0072589       0.0063885       0.0068365       0.0049915       0.0091560       0.0091560       0.0044377       0.0113531       0.0112673       0.0041702
          0.0078179       0.0067580       0.0073336       0.0052371       0.0097570       0.0097570       0.0045666       0.0118632       0.0119378       0.0042539
