          0.0043612       0.0055000       0.0053104       0.0042524       0.0088000       0.0088000       0.0047132       0.0104125       0.0114717       0.0047979
          0.0058652       0.0080000       0.0069283       0.0052460       0.0109000       0.0109000       0.0054032       0.0130500       0.0137197       0.0053024
          0.0044945       0.0070000       0.0054564       0.0043440       0.0090000       0.0090000       0.0047788       0.0105000       0.0116954       0.0048464
          0.0044946       0.0070000       0.0054564       0.0043440       0.0090000       0.0090000       0.0047788       0.0108500       0.0116909       0.0048463
          0.0036455       0.0054250       0.0045213       0.0037487       0.0077500       0.0077500       0.0043520       0.0099167       0.0103580       0.0045326
          0.0038280       0.0054375       0.0047240       0.0038795       0.0080250       0.0080250       0.0044470       0.0101333       0.0106493       0.0046022
          0.0043477       0.0060250       0.0052955       0.0042431       0.0087750       0.0087750       0.0047061       0.0110833       0.0114272       0.0047922
          0.0041462       0.0056333       0.0050744       0.0041035       0.0084750       0.0084750       0.0046058       0.0109500       0.0110996       0.0047177
          0.0037944       0.0052500       0.0046867       0.0038556       0.0079667       0.0079667       0.0044286       0.0105333       0.0105679       0.0045876
          0.0035129       0.0070250       0.0043725       0.0036522       0.0075250       0.0075250       0.0042781       0.0101500       0.0100672       0.0044744
          0.0035223       0.0047500       0.0043827       0.0036590       0.0075333       0.0075333       0.0042821       0.0102250       0.0100759       0.0044773
          0.0033683       0.0042500       0.0042105       0.0035463       0.0073000       0.0073000       0.0041995       0.0095000       0.0098184       0.0044157
          0.0032407       0.0046667       0.0040667       0.0034516       0.0071000       0.0071000       0.0041290       0.0096750       0.0095991       0.0043632
          0.0035793       0.0041250       0.0044469       0.0037006       0.0076333       0.0076333       0.0043145       0.0098750       0.0101963       0.0045024
          0.0026404       0.0040000       0.0033828       0.0029919       0.0061333       0.0061333       0.0037808       0.0087500       0.0085235       0.0041030
          0.0034144       0.0040230       0.0042614       0.0035798       0.0073584       0.0073584       0.0042223       0.0098000       0.0098731       0.0044317
          0.0022648       0.0031667       0.0029453       0.0026887       0.0054667       0.0054667       0.0035361       0.0077500       0.0077216       0.0039107
          0.0013902       0.0027500       0.0018977       0.0019210       0.0038375       0.0038375       0.0028933       0.0061167       0.0057778       0.0034113
          0.0011471       0.0018060       0.0015959       0.0016849       0.0033375       0.0033375       0.0026816       0.0051625       0.0051564       0.0032442
          0.0010655       0.0016817       0.0014933       0.0016026       0.0031675       0.0031675       0.0026081       0.0048375       0.0049502       0.0031890
          0.0009556       0.0014325       0.0013534       0.0014883       0.0029230       0.0029230       0.0024993       0.0047667       0.0046370       0.0031019
          0.0009005       0.0013313       0.0012827       0.0014297       0.0028000       0.0028000       0.0024439       0.0040500       0.0044763       0.0030572
          0.0006515       0.0013087       0.0009569       0.0011493       0.0021984       0.0021984       0.0021593       0.0035000       0.0036618       0.0028195
          0.0007003       0.0011863       0.0010215       0.0012063       0.0023206       0.0023206       0.0022186       0.0031167       0.0038338       0.0028710
          0.0006632       0.0011535       0.0009721       0.0011627       0.0022264       0.0022264       0.0021725       0.0030300       0.0037050       0.0028324
          0.0008590       0.0014330       0.0012285       0.0013840       0.0026932       0.0026932       0.0023931       0.0043200       0.0043282       0.0030116
          0.0009876       0.0012955       0.0013931       0.0015207       0.0029807       0.0029807       0.0025233       0.0055400       0.0047014       0.0031161
          0.0010890       0.0014580       0.0015216       0.0016252       0.0032057       0.0032057       0.0026232       0.0056600       0.0049996       0.0031998
          0.0011019       0.0011864       0.0015379       0.0016383       0.0032346       0.0032346       0.0026359       0.0052500       0.0050400       0.0032112
          0.0011737       0.0013750       0.0016279       0.0017102       0.0033875       0.0033875       0.0027022       0.0048667       0.0052366       0.0032649
          0.0009070       0.0012750       0.0012897       0.0014351       0.0028000       0.0028000       0.0024414       0.0047200       0.0044703       0.0030511
          0.0008259       0.0011500       0.0011851       0.0013472       0.0026167       0.0026167       0.0023575       0.0036500       0.0042337       0.0029850
          0.0008565       0.0013167       0.0012245       0.0013804       0.0026833       0.0026833       0.0023876       0.0040688       0.0043169       0.0030071
          0.0007633       0.0012000       0.0011033       0.0012770       0.0024625       0.0024625       0.0022839       0.0038750       0.0040161       0.0029192
          0.0007581       0.0012500       0.0010964       0.0012710       0.0024500       0.0024500       0.0022779       0.0038167       0.0040007       0.0029148
          0.0007268       0.0012500       0.0010552       0.0012353       0.0023750       0.0023750       0.0022422       0.0037350       0.0039014       0.0028862
          0.0006863       0.0011500       0.0010018       0.0011885       0.0022750       0.0022750       0.0021937       0.0034850       0.0037630       0.0028448
          0.0006890       0.0011300       0.0010053       0.0011915       0.0022800       0.0022800       0.0021958       0.0035958       0.0037665       0.0028448
          0.0007081       0.0011625       0.0010303       0.0012135       0.0023250       0.0023250       0.0022172       0.0034900       0.0038231       0.0028604
          0.0007443       0.0011100       0.0010779       0.0012549       0.0024125       0.0024125       0.0022591       0.0036417       0.0039393       0.0028944
          0.0009898       0.0015167       0.0013944       0.0015215       0.0029750       0.0029750       0.0025191       0.0044625       0.0046793       0.0031065
          0.0007264       0.0012250       0.0010542       0.0012342       0.0023667       0.0023667       0.0022366       0.0036333       0.0038757       0.0028745
          0.0006311       0.0011750       0.0009281       0.0011230       0.0021333       0.0021333       0.0021233       0.0035500       0.0035597       0.0027815
          0.0006633       0.0013000       0.0009711       0.0011613       0.0022167       0.0022167       0.0021649       0.0036550       0.0036785       0.0028186
          0.0004626       0.0009376       0.0006993       0.0009125       0.0016877       0.0016877       0.0018961       0.0024143       0.0029362       0.0025925
          0.0004145       0.0009001       0.0006321       0.0008481       0.0015500       0.0015500       0.0018225       0.0021917       0.0027347       0.0025290
          0.0003428       0.0008127       0.0005298       0.0007474       0.0013335       0.0013335       0.0017034       0.0020250       0.0024124       0.0024264
          0.0003058       0.0006334       0.0004756       0.0006927       0.0012126       0.0012126       0.0016337       0.0019625       0.0022245       0.0023625
          0.0002985       0.0006334       0.0004647       0.0006815       0.0011876       0.0011876       0.0016189       0.0018938       0.0021848       0.0023484
          0.0002941       0.0006000       0.0004582       0.0006749       0.0011751       0.0011751       0.0016130       0.0018750       0.0021680       0.0023458
          0.0002866       0.0005334       0.0004471       0.0006635       0.0011501       0.0011501       0.0015986       0.0016814       0.0021273       0.0023317
          0.0002544       0.0004751       0.0003981       0.0006127       0.0010376       0.0010376       0.0015326       0.0015900       0.0019512       0.0022734
          0.0002356       0.0004002       0.0003688       0.0005819       0.0009667       0.0009667       0.0014886       0.0015500       0.0018354       0.0022307
          0.0005103       0.0007251       0.0007650       0.0009742       0.0018167       0.0018167       0.0019628       0.0027101       0.0031144       0.0026452
          0.0007649       0.0008335       0.0011050       0.0012784       0.0024667       0.0024667       0.0022859       0.0032336       0.0040159       0.0029186
          0.0006884       0.0009836       0.0010048       0.0011912       0.0022835       0.0022835       0.0021987       0.0030168       0.0037758       0.0028500
          0.0006809       0.0011001       0.0009950       0.0011827       0.0022667       0.0022667       0.0021910       0.0030669       0.0037505       0.0028429
          0.0018070       0.0024335       0.0024007       0.0022981       0.0046334       0.0046334       0.0032145       0.0063834       0.0067524       0.0036643
          0.0019570       0.0030253       0.0025806       0.0024290       0.0049251       0.0049251       0.0033280       0.0065836       0.0071143       0.0037559
          0.0026109       0.0033504       0.0033449       0.0029664       0.0060667       0.0060667       0.0037577       0.0092835       0.0084417       0.0040842
          0.0033647       0.0036835       0.0042047       0.0035428       0.0073001       0.0073001       0.0041980       0.0106835       0.0098508       0.0044174
          0.0043988       0.0036501       0.0053505       0.0042779       0.0088669       0.0088669       0.0047326       0.0131334       0.0115667       0.0048128
          0.0022954       0.0022836       0.0029820       0.0027144       0.0055501       0.0055501       0.0035646       0.0080169       0.0078691       0.0039419
          0.0017515       0.0016503       0.0023371       0.0022514       0.0045503       0.0045503       0.0031816       0.0073669       0.0066769       0.0036451
          0.0027228       0.0027168       0.0034756       0.0030555       0.0062502       0.0062502       0.0038256       0.0094502       0.0086483       0.0041352
          0.0023958       0.0022835       0.0030974       0.0027952       0.0057004       0.0057004       0.0036228       0.0082502       0.0080164       0.0039810
          0.0028724       0.0030001       0.0036465       0.0031714       0.0065001       0.0065001       0.0039157       0.0089502       0.0089306       0.0042031
          0.0057316       0.0059501       0.0067830       0.0051598       0.0107002       0.0107002       0.0053442       0.0139002       0.0135029       0.0052601
          0.0234322       0.0234501       0.0238057       0.0143895       0.0294669       0.0294669       0.0110609       0.0310001       0.0318831       0.0093073
          0.0349104       0.0363001       0.0338165       0.0194825       0.0392502       0.0392502       0.0140310       0.0412503       0.0409241       0.0113675
          0.0437380       0.0464503       0.0411802       0.0232294       0.0461502       0.0461502       0.0161932       0.0441167       0.0471887       0.0128344
          0.0384863       0.0418216       0.0368391       0.0210041       0.0421214       0.0421214       0.0148907       0.0417383       0.0435572       0.0119059
          0.0525026       0.0522870       0.0482593       0.0268794       0.0525870       0.0525870       0.0183374       0.0529036       0.0529610       0.0143119
          0.0355721       0.0388888       0.0343839       0.0197618       0.0398001       0.0398001       0.0141794       0.0391502       0.0414334       0.0114476
          0.0238623       0.0292343       0.0242017       0.0145821       0.0299010       0.0299010       0.0111500       0.0293510       0.0323211       0.0093366
          0.0169058       0.0195668       0.0178354       0.0112843       0.0233412       0.0233412       0.0092013       0.0238745       0.0261095       0.0079921
          0.0250870       0.0206521       0.0252956       0.0151405       0.0309822       0.0309822       0.0114850       0.0316989       0.0333052       0.0095907
          0.0171926       0.0211127       0.0181032       0.0114252       0.0236132       0.0236132       0.0092901       0.0244130       0.0263510       0.0080639
          0.0160537       0.0191085       0.0170347       0.0108623       0.0224785       0.0224785       0.0089520       0.0231668       0.0252684       0.0078248
          0.0119895       0.0144668       0.0131367       0.0087732       0.0182335       0.0182335       0.0076745       0.0193335       0.0211449       0.0069249
          0.0188148       0.0228337       0.0196124       0.0122129       0.0252002       0.0252002       0.0097582       0.0258669       0.0278725       0.0083861
          0.0160988       0.0170667       0.0170779       0.0108847       0.0225334       0.0225334       0.0089623       0.0233149       0.0253233       0.0078301
          0.0155905       0.0177835       0.0165987       0.0106306       0.0220336       0.0220336       0.0088047       0.0233002       0.0248559       0.0077131
          0.0165245       0.0169548       0.0174775       0.0110959       0.0229468       0.0229468       0.0090938       0.0246661       0.0257077       0.0079289
          0.0160565       0.0166380       0.0170386       0.0108634       0.0224935       0.0224935       0.0089486       0.0239977       0.0252820       0.0078214
