          0.0249039       0.0331250       0.0275757       0.0147242       0.0685000       0.0685000       0.0129892       0.0787500       0.0889686       0.0124619
          0.0238225       0.0247500       0.0248201       0.0143958       0.0605000       0.0605000       0.0128400       0.0710000       0.0796552       0.0123638
          0.0217770       0.0187500       0.0200544       0.0137579       0.0447500       0.0447500       0.0125541       0.0515000       0.0598862       0.0121824
          0.0218426       0.0180000       0.0201962       0.0137789       0.0452500       0.0452500       0.0125636       0.0545000       0.0605156       0.0121890
          0.0210081       0.0132500       0.0184195       0.0135120       0.0390000       0.0390000       0.0124410       0.0502500       0.0523930       0.0121069
          0.0205375       0.0135000       0.0174588       0.0133600       0.0355000       0.0355000       0.0123729       0.0492500       0.0476245       0.0120649
          0.0205467       0.0137398       0.0174765       0.0133633       0.0354539       0.0354539       0.0123786       0.0474187       0.0474375       0.0120737
          0.0206881       0.0147409       0.0177645       0.0134092       0.0364638       0.0364638       0.0124007       0.0519287       0.0487925       0.0120885
          0.0204364       0.0137403       0.0172533       0.0133273       0.0347076       0.0347076       0.0123598       0.0479245       0.0464947       0.0120590
          0.0205815       0.0129904       0.0175472       0.0133746       0.0357036       0.0357036       0.0123840       0.0476727       0.0477984       0.0120767
          0.0202510       0.0113280       0.0168964       0.0132670       0.0333051       0.0333051       0.0123365       0.0441196       0.0445292       0.0120466
          0.0207179       0.0169888       0.0178259       0.0134186       0.0367062       0.0367062       0.0124041       0.0451810       0.0491513       0.0120895
          0.0205485       0.0117423       0.0174801       0.0133639       0.0354607       0.0354607       0.0123792       0.0476834       0.0474875       0.0120732
          0.0193386       0.0084962       0.0151861       0.0129652       0.0271477       0.0271477       0.0121962       0.0348660       0.0359562       0.0119551
          0.0208465       0.0151195       0.0180887       0.0134600       0.0377245       0.0377245       0.0124204       0.0490833       0.0505931       0.0120970
          0.0217194       0.0202411       0.0199252       0.0137408       0.0440910       0.0440910       0.0125541       0.0551993       0.0589297       0.0121880
          0.0208600       0.0139911       0.0181121       0.0134659       0.0376272       0.0376272       0.0124304       0.0494395       0.0503432       0.0121097
          0.0204301       0.0117450       0.0172364       0.0133272       0.0344735       0.0344735       0.0123674       0.0460845       0.0461191       0.0120685
          0.0202166       0.0130000       0.0168274       0.0132571       0.0330000       0.0330000       0.0123347       0.0447500       0.0441006       0.0120468
          0.0199892       0.0108333       0.0163928       0.0131819       0.0314667       0.0314667       0.0122983       0.0426333       0.0420214       0.0120213
          0.0194871       0.0095000       0.0154509       0.0130163       0.0280333       0.0280333       0.0122233       0.0390667       0.0372469       0.0119731
          0.0182777       0.0092500       0.0133475       0.0126088       0.0205750       0.0205750       0.0120354       0.0318750       0.0265428       0.0118525
          0.0186487       0.0078750       0.0139727       0.0127352       0.0227250       0.0227250       0.0120955       0.0341000       0.0296464       0.0118923
          0.0184376       0.0072500       0.0136169       0.0126636       0.0214875       0.0214875       0.0120623       0.0329875       0.0278707       0.0118704
          0.0182150       0.0057500       0.0132417       0.0125882       0.0201667       0.0201667       0.0120281       0.0309333       0.0259578       0.0118485
          0.0199325       0.0094375       0.0162804       0.0131652       0.0309500       0.0309500       0.0122959       0.0417625       0.0413126       0.0120219
          0.0195947       0.0075000       0.0156414       0.0130539       0.0286125       0.0286125       0.0122458       0.0403375       0.0380528       0.0119903
          0.0180628       0.0063333       0.0129977       0.0125361       0.0193306       0.0193306       0.0120049       0.0310806       0.0247321       0.0118340
          0.0177200       0.0053125       0.0124561       0.0124176       0.0175409       0.0175409       0.0119495       0.0292076       0.0220912       0.0117980
          0.0172984       0.0046000       0.0118083       0.0122709       0.0154552       0.0154552       0.0118812       0.0267427       0.0189888       0.0117540
          0.0172730       0.0046875       0.0117710       0.0122622       0.0153252       0.0153252       0.0118780       0.0257398       0.0187824       0.0117528
          0.0161689       0.0041000       0.0101919       0.0118705       0.0106947       0.0106947       0.0116939       0.0190864       0.0117833       0.0116339
          0.0169102       0.0050250       0.0112337       0.0121349       0.0136643       0.0136643       0.0118186       0.0228643       0.0162895       0.0117145
          0.0159741       0.0036500       0.0099381       0.0117999       0.0100433       0.0100433       0.0116612       0.0178966       0.0107816       0.0116132
          0.0156769       0.0035000       0.0095490       0.0116919       0.0090586       0.0090586       0.0116102       0.0167750       0.0092715       0.0115802
          0.0152771       0.0031900       0.0090459       0.0115450       0.0078844       0.0078844       0.0115406       0.0148558       0.0074622       0.0115352
          0.0140904       0.0019600       0.0076601       0.0110994       0.0051536       0.0051536       0.0113283       0.0091953       0.0032395       0.0113979
          0.0154925       0.0026667       0.0093125       0.0116245       0.0084788       0.0084788       0.0115784       0.0138603       0.0083806       0.0115597
          0.0150573       0.0022300       0.0087759       0.0114637       0.0072806       0.0072806       0.0115020       0.0124556       0.0065363       0.0115102
          0.0158830       0.0028333       0.0098202       0.0117669       0.0097399       0.0097399       0.0116459       0.0178783       0.0103156       0.0116037
          0.0157801       0.0026917       0.0096859       0.0117295       0.0093991       0.0093991       0.0116283       0.0179064       0.0097937       0.0115923
          0.0151095       0.0025250       0.0088416       0.0114830       0.0074265       0.0074265       0.0115111       0.0143125       0.0067631       0.0115161
          0.0147075       0.0022750       0.0083621       0.0113329       0.0064375       0.0064375       0.0114396       0.0130250       0.0052353       0.0114697
          0.0151216       0.0030071       0.0088556       0.0114875       0.0074571       0.0074571       0.0115133       0.0145188       0.0068061       0.0115176
          0.0147845       0.0029000       0.0084510       0.0113619       0.0066089       0.0066089       0.0114535       0.0125938       0.0054943       0.0114789
          0.0148515       0.0027786       0.0085292       0.0113871       0.0067607       0.0067607       0.0114656       0.0123611       0.0057290       0.0114867
          0.0145938       0.0025083       0.0082290       0.0112903       0.0061750       0.0061750       0.0114195       0.0113900       0.0048203       0.0114569
          0.0147422       0.0026929       0.0084021       0.0113460       0.0065143       0.0065143       0.0114459       0.0114729       0.0053496       0.0114739
          0.0147041       0.0026292       0.0083580       0.0113317       0.0064292       0.0064292       0.0114390       0.0114930       0.0052195       0.0114694
          0.0143215       0.0023738       0.0079155       0.0111876       0.0055810       0.0055810       0.0113706       0.0096820       0.0039030       0.0114252
          0.0139809       0.0022375       0.0075404       0.0110575       0.0049500       0.0049500       0.0113084       0.0084625       0.0029298       0.0113849
          0.0138147       0.0021820       0.0073582       0.0109939       0.0046467       0.0046467       0.0112780       0.0079000       0.0024575       0.0113652
          0.0141952       0.0023417       0.0077770       0.0111393       0.0053533       0.0053533       0.0113469       0.0081375       0.0035575       0.0114096
          0.0160323       0.0051000       0.0100156       0.0118211       0.0102333       0.0102333       0.0116716       0.0154500       0.0110703       0.0116204
          0.0159796       0.0055667       0.0099463       0.0118019       0.0100625       0.0100625       0.0116621       0.0144375       0.0108078       0.0116140
          0.0153104       0.0047667       0.0090863       0.0115573       0.0079750       0.0079750       0.0115464       0.0117870       0.0076033       0.0115390
          0.0153739       0.0043693       0.0091643       0.0115807       0.0081497       0.0081497       0.0115575       0.0117566       0.0078745       0.0115461
          0.0159148       0.0064200       0.0098595       0.0117782       0.0098500       0.0098500       0.0116505       0.0135236       0.0104856       0.0116062
          0.0157205       0.0060718       0.0096029       0.0117076       0.0092061       0.0092061       0.0116168       0.0127490       0.0094967       0.0115840
          0.0168201       0.0073100       0.0110988       0.0121028       0.0132833       0.0132833       0.0118012       0.0182165       0.0157160       0.0117023
          0.0170103       0.0076625       0.0113789       0.0121689       0.0141750       0.0141750       0.0118306       0.0192000       0.0170683       0.0117201
          0.0175604       0.0097000       0.0122027       0.0123612       0.0167875       0.0167875       0.0119181       0.0218975       0.0209740       0.0117755
          0.0162316       0.0063075       0.0102741       0.0118922       0.0109625       0.0109625       0.0117018       0.0157165       0.0121960       0.0116377
          0.0153400       0.0044137       0.0091161       0.0115683       0.0080500       0.0080500       0.0115514       0.0116193       0.0077181       0.0115420
          0.0163191       0.0061188       0.0103978       0.0119236       0.0112926       0.0112926       0.0117179       0.0160665       0.0126939       0.0116490
          0.0161696       0.0062000       0.0101898       0.0118704       0.0107033       0.0107033       0.0116930       0.0144835       0.0117955       0.0116330
          0.0163709       0.0064114       0.0104703       0.0119422       0.0115005       0.0115005       0.0117263       0.0160071       0.0130051       0.0116544
          0.0173346       0.0104411       0.0118605       0.0122828       0.0156585       0.0156585       0.0118841       0.0203820       0.0192825       0.0117551
          0.0197148       0.0262096       0.0158674       0.0130917       0.0296134       0.0296134       0.0122545       0.0336589       0.0394715       0.0119916
          0.0200354       0.0273775       0.0164829       0.0131964       0.0319167       0.0319167       0.0122999       0.0341908       0.0426643       0.0120195
          0.0195016       0.0238059       0.0154796       0.0130195       0.0283117       0.0283117       0.0122168       0.0309175       0.0376881       0.0119639
          0.0202043       0.0252459       0.0168112       0.0132499       0.0332000       0.0332000       0.0123201       0.0365264       0.0445948       0.0120266
          0.0216653       0.0357986       0.0198166       0.0137211       0.0440000       0.0440000       0.0125339       0.0476167       0.0590592       0.0121642
          0.0207167       0.0299087       0.0178259       0.0134173       0.0368625       0.0368625       0.0123974       0.0401672       0.0494971       0.0120790
          0.0192630       0.0192235       0.0150513       0.0129392       0.0267590       0.0267590       0.0121798       0.0301866       0.0355104       0.0119395
          0.0178060       0.0125074       0.0125905       0.0124449       0.0180979       0.0180979       0.0119557       0.0222965       0.0229202       0.0117988
          0.0175276       0.0116114       0.0121496       0.0123490       0.0166194       0.0166194       0.0119118       0.0206914       0.0207211       0.0117716
          0.0169518       0.0098564       0.0112897       0.0121476       0.0139127       0.0139127       0.0118198       0.0171833       0.0166629       0.0117133
          0.0169338       0.0098099       0.0112628       0.0121412       0.0138286       0.0138286       0.0118169       0.0170126       0.0165425       0.0117113
          0.0165687       0.0088616       0.0107421       0.0120119       0.0123016       0.0123016       0.0117569       0.0157255       0.0142297       0.0116730
          0.0168514       0.0093419       0.0111401       0.0121123       0.0134524       0.0134524       0.0118032       0.0167796       0.0159778       0.0117024
          0.0164223       0.0086174       0.0105377       0.0119598       0.0117202       0.0117202       0.0117327       0.0153451       0.0133458       0.0116575
          0.0162142       0.0076184       0.0102468       0.0118857       0.0108964       0.0108964       0.0116981       0.0142942       0.0120957       0.0116351
          0.0167499       0.0092265       0.0109953       0.0120765       0.0130166       0.0130166       0.0117872       0.0164655       0.0153129       0.0116927
          0.0166046       0.0086641       0.0107919       0.0120246       0.0124465       0.0124465       0.0117626       0.0156866       0.0144485       0.0116766
