          0.0035217       0.0039000       0.0046587       0.0031871       0.0092000       0.0092000       0.0033543       0.0147000       0.0134281       0.0032687
          0.0035908       0.0040000       0.0047453       0.0032354       0.0093500       0.0093500       0.0033905       0.0152500       0.0136306       0.0032954
          0.0029399       0.0035000       0.0039279       0.0027720       0.0080000       0.0080000       0.0030392       0.0120250       0.0119644       0.0030288
          0.0030105       0.0034000       0.0040170       0.0028234       0.0081500       0.0081500       0.0030788       0.0116500       0.0121441       0.0030591
          0.0027022       0.0035000       0.0036267       0.0025976       0.0075000       0.0075000       0.0029042       0.0115000       0.0113738       0.0029253
          0.0025664       0.0033500       0.0034538       0.0024965       0.0072000       0.0072000       0.0028247       0.0107500       0.0109784       0.0028641
          0.0021271       0.0023480       0.0028901       0.0021608       0.0061886       0.0061886       0.0025536       0.0095798       0.0096288       0.0026524
          0.0018323       0.0022982       0.0025082       0.0019270       0.0054912       0.0054912       0.0023593       0.0084850       0.0087111       0.0024988
          0.0010616       0.0022982       0.0014920       0.0012708       0.0035440       0.0035440       0.0017812       0.0066377       0.0060510       0.0020322
          0.0009206       0.0014237       0.0013020       0.0011403       0.0031446       0.0031446       0.0016556       0.0058398       0.0054563       0.0019257
          0.0008932       0.0014988       0.0012648       0.0011144       0.0030632       0.0030632       0.0016297       0.0053600       0.0053363       0.0019037
          0.0007826       0.0014991       0.0011146       0.0010082       0.0027467       0.0027467       0.0015256       0.0049940       0.0048629       0.0018156
          0.0007826       0.0014991       0.0011145       0.0010082       0.0027470       0.0027470       0.0015257       0.0049944       0.0048663       0.0018160
          0.0008156       0.0017491       0.0011596       0.0010402       0.0028471       0.0028471       0.0015586       0.0043947       0.0050213       0.0018448
          0.0008552       0.0013989       0.0012134       0.0010783       0.0029640       0.0029640       0.0015966       0.0046621       0.0052059       0.0018783
          0.0009664       0.0014987       0.0013635       0.0011829       0.0032640       0.0032640       0.0016947       0.0053609       0.0056242       0.0019573
          0.0009077       0.0014987       0.0012839       0.0011277       0.0030958       0.0030958       0.0016408       0.0049919       0.0053709       0.0019111
          0.0007865       0.0011485       0.0011191       0.0010114       0.0027472       0.0027472       0.0015263       0.0045947       0.0048547       0.0018144
          0.0007277       0.0011486       0.0010388       0.0009537       0.0025750       0.0025750       0.0014684       0.0042250       0.0045972       0.0017654
          0.0004720       0.0009000       0.0006839       0.0006873       0.0017750       0.0017750       0.0011856       0.0029250       0.0033367       0.0015191
          0.0005064       0.0009000       0.0007322       0.0007247       0.0018875       0.0018875       0.0012269       0.0030250       0.0035244       0.0015564
          0.0004547       0.0009000       0.0006593       0.0006680       0.0017167       0.0017167       0.0011638       0.0027500       0.0032425       0.0015000
          0.0003698       0.0012000       0.0005377       0.0005708       0.0014167       0.0014167       0.0010490       0.0023167       0.0027284       0.0013937
          0.0003883       0.0012000       0.0005644       0.0005924       0.0014833       0.0014833       0.0010749       0.0022833       0.0028472       0.0014186
          0.0004005       0.0013000       0.0005818       0.0006064       0.0015250       0.0015250       0.0010908       0.0022250       0.0029188       0.0014331
          0.0004157       0.0007917       0.0006034       0.0006237       0.0015750       0.0015750       0.0011098       0.0023667       0.0029994       0.0014490
          0.0004332       0.0012500       0.0006283       0.0006435       0.0016333       0.0016333       0.0011319       0.0023667       0.0030955       0.0014684
          0.0004338       0.0006500       0.0006291       0.0006441       0.0016375       0.0016375       0.0011336       0.0023875       0.0031093       0.0014717
          0.0004226       0.0007333       0.0006132       0.0006315       0.0016000       0.0016000       0.0011194       0.0023875       0.0030490       0.0014595
          0.0004129       0.0008500       0.0005994       0.0006204       0.0015667       0.0015667       0.0011066       0.0022167       0.0029943       0.0014483
          0.0004217       0.0017083       0.0006117       0.0006303       0.0015938       0.0015938       0.0011168       0.0021813       0.0030329       0.0014555
          0.0004119       0.0017167       0.0005978       0.0006192       0.0015625       0.0015625       0.0011050       0.0020833       0.0029842       0.0014460
          0.0004128       0.0006667       0.0005990       0.0006201       0.0015625       0.0015625       0.0011048       0.0022417       0.0029803       0.0014446
          0.0004169       0.0008000       0.0006047       0.0006246       0.0015750       0.0015750       0.0011094       0.0021000       0.0029958       0.0014474
          0.0003717       0.0008500       0.0005399       0.0005725       0.0014167       0.0014167       0.0010481       0.0019625       0.0027268       0.0013915
          0.0003951       0.0008000       0.0005735       0.0005997       0.0015000       0.0015000       0.0010806       0.0020625       0.0028715       0.0014218
          0.0003776       0.0008167       0.0005483       0.0005793       0.0014375       0.0014375       0.0010563       0.0019250       0.0027622       0.0013989
          0.0003909       0.0006875       0.0005674       0.0005947       0.0014833       0.0014833       0.0010740       0.0019100       0.0028380       0.0014143
          0.0003713       0.0007833       0.0005391       0.0005718       0.0014125       0.0014125       0.0010463       0.0019875       0.0027126       0.0013877
          0.0004154       0.0006625       0.0006023       0.0006227       0.0015667       0.0015667       0.0011061       0.0021400       0.0029735       0.0014420
          0.0003870       0.0006500       0.0005616       0.0005900       0.0014667       0.0014667       0.0010673       0.0020750       0.0028026       0.0014061
          0.0003591       0.0006500       0.0005213       0.0005572       0.0013667       0.0013667       0.0010280       0.0020500       0.0026305       0.0013698
          0.0004057       0.0007000       0.0005884       0.0006116       0.0015333       0.0015333       0.0010932       0.0021500       0.0029180       0.0014305
          0.0004294       0.0006875       0.0006222       0.0006386       0.0016167       0.0016167       0.0011252       0.0022250       0.0030623       0.0014608
          0.0003465       0.0008167       0.0005031       0.0005424       0.0013250       0.0013250       0.0010119       0.0021688       0.0025655       0.0013574
          0.0003741       0.0007438       0.0005431       0.0005750       0.0014248       0.0014248       0.0010512       0.0021100       0.0027382       0.0013937
          0.0003159       0.0007167       0.0004584       0.0005053       0.0012125       0.0012125       0.0009669       0.0018500       0.0023687       0.0013159
          0.0003297       0.0006833       0.0004787       0.0005222       0.0012625       0.0012625       0.0009868       0.0016835       0.0024544       0.0013335
          0.0003149       0.0006000       0.0004569       0.0005041       0.0012063       0.0012063       0.0009640       0.0016628       0.0023539       0.0013118
          0.0002813       0.0006000       0.0004070       0.0004622       0.0010792       0.0010792       0.0009124       0.0015347       0.0021287       0.0012643
          0.0002677       0.0006750       0.0003865       0.0004448       0.0010250       0.0010250       0.0008900       0.0014333       0.0020283       0.0012424
          0.0002727       0.0006000       0.0003941       0.0004512       0.0010450       0.0010450       0.0008982       0.0013366       0.0020659       0.0012506
          0.0002733       0.0006150       0.0003950       0.0004520       0.0010450       0.0010450       0.0008978       0.0013167       0.0020634       0.0012489
          0.0004310       0.0009675       0.0006245       0.0006404       0.0016200       0.0016200       0.0011264       0.0020333       0.0030625       0.0014604
          0.0004584       0.0011047       0.0006635       0.0006712       0.0017167       0.0017167       0.0011631       0.0020500       0.0032273       0.0014948
          0.0003257       0.0007809       0.0004730       0.0005176       0.0012507       0.0012507       0.0009826       0.0017573       0.0024373       0.0013311
          0.0003604       0.0009092       0.0005237       0.0005593       0.0013794       0.0013794       0.0010339       0.0019200       0.0026602       0.0013783
          0.0008412       0.0016274       0.0011922       0.0010635       0.0028997       0.0028997       0.0015768       0.0035700       0.0050930       0.0018583
          0.0007796       0.0017264       0.0011090       0.0010042       0.0027327       0.0027327       0.0015208       0.0031708       0.0048547       0.0018129
          0.0017367       0.0033008       0.0023808       0.0018485       0.0052566       0.0052566       0.0022927       0.0065000       0.0084273       0.0024470
          0.0013874       0.0020154       0.0019244       0.0015575       0.0044012       0.0044012       0.0020418       0.0060081       0.0072832       0.0022471
          0.0020066       0.0025834       0.0027338       0.0020659       0.0059263       0.0059263       0.0024774       0.0076250       0.0093373       0.0025940
          0.0011880       0.0017644       0.0016605       0.0013840       0.0038893       0.0038893       0.0018869       0.0056812       0.0065708       0.0021217
          0.0008907       0.0015680       0.0012610       0.0011118       0.0030581       0.0030581       0.0016276       0.0045840       0.0053531       0.0019048
          0.0011621       0.0018071       0.0016252       0.0013606       0.0037977       0.0037977       0.0018615       0.0055320       0.0064137       0.0020978
          0.0012820       0.0019241       0.0017845       0.0014662       0.0041152       0.0041152       0.0019580       0.0061170       0.0068604       0.0021769
          0.0013186       0.0019472       0.0018329       0.0014980       0.0042119       0.0042119       0.0019869       0.0060160       0.0069955       0.0022005
          0.0034442       0.0043962       0.0045591       0.0031322       0.0090286       0.0090286       0.0033128       0.0110858       0.0132307       0.0032373
          0.0086131       0.0117552       0.0107820       0.0063999       0.0182010       0.0182010       0.0055847       0.0212605       0.0237451       0.0049068
          0.0102418       0.0164478       0.0126681       0.0073337       0.0207395       0.0207395       0.0061871       0.0215792       0.0265021       0.0053354
          0.0086649       0.0114667       0.0108476       0.0064298       0.0183400       0.0183400       0.0055981       0.0201995       0.0239580       0.0049064
          0.0110164       0.0174758       0.0135623       0.0077667       0.0219399       0.0219399       0.0064570       0.0224909       0.0278906       0.0055081
          0.0122499       0.0178738       0.0149593       0.0084458       0.0237088       0.0237088       0.0068884       0.0265798       0.0297237       0.0058196
          0.0083337       0.0140515       0.0104627       0.0062360       0.0178046       0.0178046       0.0054721       0.0211500       0.0233630       0.0048176
          0.0048572       0.0075000       0.0063107       0.0040902       0.0118354       0.0118354       0.0040112       0.0155806       0.0166472       0.0037548
          0.0044103       0.0084634       0.0057629       0.0037947       0.0109790       0.0109790       0.0038003       0.0145370       0.0156108       0.0036005
          0.0036477       0.0054776       0.0048183       0.0032754       0.0094802       0.0094802       0.0034205       0.0123977       0.0137965       0.0033175
          0.0026807       0.0033529       0.0036004       0.0025820       0.0074478       0.0074478       0.0028917       0.0082437       0.0112787       0.0029156
          0.0020880       0.0029434       0.0028412       0.0021307       0.0061147       0.0061147       0.0025302       0.0081243       0.0095763       0.0026353
          0.0017786       0.0021491       0.0024399       0.0018842       0.0053866       0.0053866       0.0023258       0.0071635       0.0086159       0.0024742
          0.0016116       0.0025742       0.0022216       0.0017474       0.0049788       0.0049788       0.0022092       0.0069135       0.0080722       0.0023817
          0.0017063       0.0023987       0.0023456       0.0018253       0.0052122       0.0052122       0.0022760       0.0074592       0.0083843       0.0024347
          0.0016086       0.0026508       0.0022180       0.0017450       0.0049801       0.0049801       0.0022083       0.0068320       0.0080855       0.0023817
          0.0018001       0.0033979       0.0024677       0.0019016       0.0054322       0.0054322       0.0023397       0.0072654       0.0086640       0.0024847
          0.0017943       0.0032546       0.0024605       0.0018970       0.0054273       0.0054273       0.0023369       0.0076226       0.0086685       0.0024830
