          0.0062584       0.0066033       0.0061368       0.0040824       0.0085833       0.0085833       0.0034572       0.0108000       0.0106446       0.0031772
          0.0113422       0.0123333       0.0107880       0.0060097       0.0141667       0.0141667       0.0044073       0.0162500       0.0166225       0.0037925
          0.0058254       0.0061667       0.0057331       0.0038990       0.0080833       0.0080833       0.0033614       0.0099875       0.0100994       0.0031134
          0.0048599       0.0051167       0.0048261       0.0034738       0.0069333       0.0069333       0.0031379       0.0085875       0.0088132       0.0029668
          0.0052990       0.0055733       0.0052398       0.0036701       0.0074667       0.0074667       0.0032408       0.0092167       0.0094325       0.0030321
          0.0049609       0.0054267       0.0049216       0.0035195       0.0070600       0.0070600       0.0031615       0.0089000       0.0089686       0.0029810
          0.0039301       0.0038133       0.0039437       0.0030378       0.0057833       0.0057833       0.0029027       0.0072800       0.0074928       0.0028121
          0.0034431       0.0036650       0.0034774       0.0027961       0.0051650       0.0051650       0.0027683       0.0068600       0.0067775       0.0027224
          0.0035422       0.0038400       0.0035728       0.0028462       0.0053000       0.0053000       0.0027962       0.0068833       0.0069489       0.0027405
          0.0038342       0.0039840       0.0038521       0.0029910       0.0056625       0.0056625       0.0028769       0.0070400       0.0073580       0.0027947
          0.0021830       0.0020500       0.0022540       0.0021095       0.0035000       0.0035000       0.0023684       0.0048500       0.0048060       0.0024531
          0.0030106       0.0031653       0.0030607       0.0025719       0.0046087       0.0046087       0.0026410       0.0060500       0.0061326       0.0026370
          0.0025142       0.0026570       0.0025784       0.0023006       0.0039520       0.0039520       0.0024830       0.0053167       0.0053543       0.0025308
          0.0024828       0.0025083       0.0025479       0.0022830       0.0039126       0.0039126       0.0024729       0.0052917       0.0053101       0.0025241
          0.0034134       0.0032000       0.0034491       0.0027810       0.0051346       0.0051346       0.0027597       0.0064417       0.0067607       0.0027161
          0.0030669       0.0027000       0.0031146       0.0026015       0.0046750       0.0046750       0.0026578       0.0061000       0.0062042       0.0026484
          0.0026424       0.0027000       0.0027028       0.0023721       0.0041145       0.0041145       0.0025244       0.0054375       0.0055367       0.0025583
          0.0022101       0.0023563       0.0022800       0.0021252       0.0035314       0.0035314       0.0023770       0.0049650       0.0048380       0.0024584
          0.0015344       0.0014000       0.0016109       0.0017027       0.0025833       0.0025833       0.0021133       0.0038850       0.0036688       0.0022784
          0.0015352       0.0016000       0.0016119       0.0017034       0.0025875       0.0025875       0.0021147       0.0039000       0.0036808       0.0022805
          0.0012052       0.0013250       0.0012800       0.0014734       0.0021000       0.0021000       0.0019628       0.0032000       0.0030589       0.0021760
          0.0012046       0.0012167       0.0012794       0.0014730       0.0021000       0.0021000       0.0019629       0.0030000       0.0030591       0.0021762
          0.0012653       0.0011500       0.0013405       0.0015166       0.0021875       0.0021875       0.0019907       0.0032000       0.0031677       0.0021942
          0.0013635       0.0016000       0.0014393       0.0015858       0.0023333       0.0023333       0.0020368       0.0032150       0.0033581       0.0022267
          0.0013282       0.0015500       0.0014037       0.0015610       0.0022800       0.0022800       0.0020199       0.0030938       0.0032898       0.0022149
          0.0017239       0.0019250       0.0017991       0.0018262       0.0028500       0.0028500       0.0021909       0.0039875       0.0040062       0.0023317
          0.0015782       0.0017667       0.0016540       0.0017312       0.0026400       0.0026400       0.0021296       0.0035357       0.0037412       0.0022892
          0.0017237       0.0016000       0.0017989       0.0018260       0.0028500       0.0028500       0.0021909       0.0039786       0.0040100       0.0023321
          0.0017212       0.0016250       0.0017963       0.0018244       0.0028472       0.0028472       0.0021901       0.0038833       0.0040089       0.0023318
          0.0015225       0.0014500       0.0015982       0.0016940       0.0025625       0.0025625       0.0021066       0.0035286       0.0036525       0.0022748
          0.0015852       0.0014167       0.0016607       0.0017356       0.0026500       0.0026500       0.0021325       0.0037417       0.0037567       0.0022916
          0.0011688       0.0010375       0.0012424       0.0014459       0.0020402       0.0020402       0.0019418       0.0029929       0.0029808       0.0021607
          0.0011603       0.0011375       0.0012337       0.0014395       0.0020250       0.0020250       0.0019362       0.0029831       0.0029580       0.0021558
          0.0008180       0.0007000       0.0008841       0.0011710       0.0014950       0.0014950       0.0017465       0.0023964       0.0022524       0.0020217
          0.0008527       0.0007000       0.0009198       0.0011998       0.0015500       0.0015500       0.0017674       0.0025083       0.0023273       0.0020368
          0.0007792       0.0006750       0.0008440       0.0011381       0.0014333       0.0014333       0.0017226       0.0022083       0.0021705       0.0020055
          0.0007860       0.0007167       0.0008510       0.0011438       0.0014438       0.0014438       0.0017265       0.0023042       0.0021835       0.0020077
          0.0008533       0.0007167       0.0009203       0.0012001       0.0015500       0.0015500       0.0017670       0.0023917       0.0023252       0.0020356
          0.0008440       0.0006833       0.0009107       0.0011923       0.0015344       0.0015344       0.0017608       0.0022667       0.0023018       0.0020302
          0.0008679       0.0007125       0.0009352       0.0012120       0.0015719       0.0015719       0.0017749       0.0023929       0.0023510       0.0020399
          0.0010125       0.0010333       0.0010831       0.0013271       0.0017958       0.0017958       0.0018563       0.0025313       0.0026476       0.0020969
          0.0008389       0.0007750       0.0009053       0.0011879       0.0015250       0.0015250       0.0017566       0.0023900       0.0022871       0.0020263
          0.0008474       0.0009333       0.0009141       0.0011950       0.0015396       0.0015396       0.0017626       0.0025000       0.0023082       0.0020313
          0.0008433       0.0009000       0.0009099       0.0011917       0.0015344       0.0015344       0.0017611       0.0023571       0.0023035       0.0020312
          0.0011449       0.0013495       0.0012176       0.0014275       0.0020000       0.0020000       0.0019274       0.0027211       0.0029207       0.0021484
          0.0008370       0.0010500       0.0009035       0.0011865       0.0015250       0.0015250       0.0017578       0.0021333       0.0022921       0.0020294
          0.0006665       0.0008675       0.0007270       0.0010390       0.0012505       0.0012505       0.0016486       0.0017625       0.0019185       0.0019524
          0.0006471       0.0008226       0.0007068       0.0010213       0.0012175       0.0012175       0.0016340       0.0018897       0.0018710       0.0019410
          0.0006293       0.0008250       0.0006882       0.0010049       0.0011875       0.0011875       0.0016209       0.0017527       0.0018286       0.0019312
          0.0006552       0.0009259       0.0007152       0.0010288       0.0012318       0.0012318       0.0016407       0.0017203       0.0018921       0.0019465
          0.0005568       0.0008800       0.0006123       0.0009366       0.0010675       0.0010675       0.0015693       0.0014250       0.0016610       0.0018948
          0.0005761       0.0009000       0.0006325       0.0009551       0.0011000       0.0011000       0.0015837       0.0016157       0.0017075       0.0019055
          0.0006570       0.0009500       0.0007171       0.0010304       0.0012330       0.0012330       0.0016401       0.0016643       0.0018911       0.0019445
          0.0014959       0.0015254       0.0015709       0.0016754       0.0025160       0.0025160       0.0020919       0.0032940       0.0035760       0.0022615
          0.0016447       0.0020333       0.0017194       0.0017742       0.0027333       0.0027333       0.0021568       0.0033667       0.0038525       0.0023070
          0.0010566       0.0014023       0.0011283       0.0013615       0.0018683       0.0018683       0.0018831       0.0022997       0.0027507       0.0021183
          0.0014093       0.0021655       0.0014846       0.0016168       0.0023962       0.0023962       0.0020557       0.0024825       0.0034313       0.0022381
          0.0033677       0.0050563       0.0034019       0.0027574       0.0050535       0.0050535       0.0027468       0.0039721       0.0066511       0.0027082
          0.0029365       0.0045654       0.0029869       0.0025318       0.0045066       0.0045066       0.0026178       0.0045327       0.0060207       0.0026214
          0.0047352       0.0049917       0.0047052       0.0034175       0.0067675       0.0067675       0.0031097       0.0076033       0.0086261       0.0029488
          0.0052197       0.0070697       0.0051636       0.0036356       0.0073612       0.0073612       0.0032244       0.0084267       0.0093074       0.0030225
          0.0056457       0.0056899       0.0055640       0.0038220       0.0078754       0.0078754       0.0033206       0.0096894       0.0098804       0.0030852
          0.0031709       0.0034007       0.0032152       0.0026561       0.0048261       0.0048261       0.0026891       0.0064127       0.0064123       0.0026689
          0.0038389       0.0042190       0.0038558       0.0029933       0.0056665       0.0056665       0.0028783       0.0075340       0.0073806       0.0027949
          0.0046424       0.0047056       0.0046190       0.0033747       0.0066526       0.0066526       0.0030871       0.0103853       0.0084941       0.0029341
          0.0044598       0.0040589       0.0044459       0.0032901       0.0064312       0.0064312       0.0030412       0.0086729       0.0082425       0.0029037
          0.0064817       0.0053325       0.0063424       0.0041762       0.0088292       0.0088292       0.0035080       0.0116104       0.0109129       0.0032115
          0.0116558       0.0119090       0.0110672       0.0061213       0.0144762       0.0144762       0.0044674       0.0175536       0.0169388       0.0038346
          0.0373788       0.0373262       0.0331997       0.0134633       0.0381148       0.0381148       0.0077429       0.0379461       0.0403667       0.0059292
          0.0367306       0.0361421       0.0326634       0.0132964       0.0375875       0.0375875       0.0076575       0.0366939       0.0398659       0.0058679
          0.0297092       0.0324826       0.0267724       0.0114828       0.0315828       0.0315828       0.0068624       0.0327108       0.0340896       0.0053470
          0.0337742       0.0333085       0.0302004       0.0125348       0.0351087       0.0351087       0.0073088       0.0326926       0.0375224       0.0056134
          0.0443442       0.0425857       0.0389566       0.0151430       0.0438774       0.0438774       0.0084215       0.0432475       0.0458827       0.0063272
          0.0318909       0.0331736       0.0286159       0.0120528       0.0334779       0.0334779       0.0071116       0.0332380       0.0359227       0.0055081
          0.0206397       0.0220495       0.0190033       0.0089577       0.0233695       0.0233695       0.0057525       0.0256284       0.0260226       0.0046395
          0.0125788       0.0146350       0.0119008       0.0064326       0.0154615       0.0154615       0.0046028       0.0166174       0.0179853       0.0039131
          0.0142082       0.0161075       0.0133551       0.0069738       0.0171175       0.0171175       0.0048560       0.0183568       0.0196794       0.0040787
          0.0091032       0.0111170       0.0087595       0.0052017       0.0117825       0.0117825       0.0040156       0.0129724       0.0141098       0.0035390
          0.0096357       0.0112740       0.0092450       0.0053983       0.0123585       0.0123585       0.0041118       0.0136488       0.0147252       0.0036005
          0.0065726       0.0075930       0.0064307       0.0042124       0.0089580       0.0089580       0.0035212       0.0102951       0.0110695       0.0032166
          0.0063456       0.0073735       0.0062197       0.0041182       0.0086965       0.0086965       0.0034730       0.0095253       0.0107860       0.0031847
          0.0067211       0.0077465       0.0065686       0.0042731       0.0091295       0.0091295       0.0035519       0.0106654       0.0112583       0.0032363
          0.0053639       0.0063975       0.0053021       0.0036984       0.0075510       0.0075510       0.0032545       0.0087162       0.0095264       0.0030408
          0.0060392       0.0065010       0.0059338       0.0039896       0.0083350       0.0083350       0.0034080       0.0105731       0.0103764       0.0031440
          0.0059904       0.0064420       0.0058887       0.0039687       0.0082850       0.0082850       0.0033958       0.0107313       0.0103288       0.0031347
