          0.0044638       0.0037500       0.0045450       0.0039623       0.0067500       0.0067500       0.0044098       0.0085000       0.0087579       0.0045320
          0.0045189       0.0037500       0.0045984       0.0040029       0.0068250       0.0068250       0.0044450       0.0085750       0.0088535       0.0045616
          0.0014502       0.0019000       0.0015604       0.0015629       0.0026000       0.0026000       0.0021992       0.0036750       0.0037848       0.0026234
          0.0013852       0.0019000       0.0014938       0.0015050       0.0025000       0.0025000       0.0021392       0.0033750       0.0036539       0.0025678
          0.0012550       0.0015500       0.0013599       0.0013876       0.0023000       0.0023000       0.0020175       0.0032500       0.0034064       0.0024603
          0.0009228       0.0012250       0.0010147       0.0010779       0.0017650       0.0017650       0.0016792       0.0026167       0.0026901       0.0021398
          0.0009515       0.0011250       0.0010446       0.0011052       0.0018075       0.0018075       0.0017066       0.0024333       0.0027337       0.0021590
          0.0008790       0.0012250       0.0009686       0.0010356       0.0016867       0.0016867       0.0016273       0.0024333       0.0025697       0.0020823
          0.0007092       0.0008000       0.0007895       0.0008687       0.0014033       0.0014033       0.0014362       0.0023333       0.0021870       0.0019003
          0.0009731       0.0010000       0.0010672       0.0011258       0.0018427       0.0018427       0.0017294       0.0026167       0.0027833       0.0021818
          0.0010402       0.0009250       0.0011371       0.0011891       0.0019500       0.0019500       0.0017983       0.0029000       0.0029268       0.0022471
          0.0010910       0.0011290       0.0011900       0.0012367       0.0020333       0.0020333       0.0018514       0.0031167       0.0030379       0.0022975
          0.0012820       0.0010690       0.0013876       0.0014121       0.0023357       0.0023357       0.0020395       0.0033000       0.0034364       0.0024738
          0.0013220       0.0013500       0.0014288       0.0014482       0.0024000       0.0024000       0.0020788       0.0035250       0.0035224       0.0025112
          0.0017563       0.0016387       0.0018722       0.0018301       0.0030612       0.0030612       0.0024694       0.0041000       0.0043721       0.0028683
          0.0016322       0.0015500       0.0017459       0.0017225       0.0028667       0.0028667       0.0023573       0.0039833       0.0041115       0.0027622
          0.0015479       0.0016150       0.0016597       0.0016487       0.0027378       0.0027378       0.0022816       0.0037375       0.0039443       0.0026922
          0.0011876       0.0011337       0.0012896       0.0013254       0.0021812       0.0021812       0.0019440       0.0033417       0.0032277       0.0023817
          0.0008890       0.0008500       0.0009788       0.0010448       0.0017000       0.0017000       0.0016356       0.0030200       0.0025885       0.0020903
          0.0011133       0.0011000       0.0012128       0.0012570       0.0020667       0.0020667       0.0018723       0.0032250       0.0030854       0.0023183
          0.0010515       0.0009000       0.0011485       0.0011993       0.0019667       0.0019667       0.0018088       0.0028375       0.0029541       0.0022590
          0.0008726       0.0008500       0.0009615       0.0010290       0.0016750       0.0016750       0.0016192       0.0023500       0.0025613       0.0020781
          0.0009096       0.0010000       0.0010002       0.0010645       0.0017333       0.0017333       0.0016574       0.0026500       0.0026364       0.0021126
          0.0009654       0.0010000       0.0010585       0.0011177       0.0018250       0.0018250       0.0017174       0.0025450       0.0027632       0.0021715
          0.0009089       0.0009500       0.0009993       0.0010636       0.0017313       0.0017313       0.0016560       0.0023643       0.0026367       0.0021125
          0.0010653       0.0012000       0.0011623       0.0012116       0.0019833       0.0019833       0.0018190       0.0028813       0.0029716       0.0022661
          0.0011593       0.0012125       0.0012597       0.0012987       0.0021313       0.0021313       0.0019125       0.0028143       0.0031656       0.0023532
          0.0011857       0.0012667       0.0012871       0.0013231       0.0021750       0.0021750       0.0019399       0.0029750       0.0032283       0.0023811
          0.0011981       0.0012625       0.0012999       0.0013345       0.0021952       0.0021952       0.0019524       0.0029468       0.0032569       0.0023937
          0.0009923       0.0010333       0.0010863       0.0011429       0.0018665       0.0018665       0.0017440       0.0026286       0.0028218       0.0021978
          0.0009861       0.0009500       0.0010797       0.0011369       0.0018541       0.0018541       0.0017358       0.0026214       0.0027999       0.0021874
          0.0008783       0.0008500       0.0009669       0.0010338       0.0016792       0.0016792       0.0016213       0.0024048       0.0025666       0.0020793
          0.0008058       0.0008500       0.0008906       0.0009631       0.0015563       0.0015563       0.0015388       0.0022417       0.0023957       0.0019976
          0.0006398       0.0006125       0.0007146       0.0007971       0.0012719       0.0012719       0.0013419       0.0019208       0.0019965       0.0018013
          0.0006225       0.0006750       0.0006961       0.0007794       0.0012417       0.0012417       0.0013204       0.0019125       0.0019544       0.0017802
          0.0005844       0.0006000       0.0006554       0.0007402       0.0011750       0.0011750       0.0012726       0.0017250       0.0018605       0.0017327
          0.0005776       0.0006500       0.0006480       0.0007330       0.0011625       0.0011625       0.0012635       0.0018000       0.0018414       0.0017226
          0.0007329       0.0007500       0.0008134       0.0008908       0.0014313       0.0014313       0.0014532       0.0021000       0.0022183       0.0019109
          0.0007041       0.0006500       0.0007828       0.0008620       0.0013813       0.0013813       0.0014184       0.0020571       0.0021463       0.0018750
          0.0007103       0.0007000       0.0007893       0.0008681       0.0013917       0.0013917       0.0014256       0.0022000       0.0021597       0.0018816
          0.0008457       0.0008000       0.0009321       0.0010016       0.0016188       0.0016188       0.0015803       0.0024607       0.0024714       0.0020324
          0.0006673       0.0006500       0.0007436       0.0008247       0.0013167       0.0013167       0.0013729       0.0021400       0.0020540       0.0018285
          0.0006824       0.0006500       0.0007597       0.0008400       0.0013438       0.0013438       0.0013922       0.0021200       0.0020934       0.0018487
          0.0006276       0.0007000       0.0007014       0.0007844       0.0012500       0.0012500       0.0013262       0.0020071       0.0019636       0.0017843
          0.0005942       0.0006000       0.0006657       0.0007501       0.0011917       0.0011917       0.0012845       0.0017625       0.0018821       0.0017432
          0.0004334       0.0005000       0.0004920       0.0005794       0.0009000       0.0009000       0.0010678       0.0014500       0.0014584       0.0015204
          0.0003297       0.0004000       0.0003775       0.0004631       0.0007000       0.0007000       0.0009104       0.0012500       0.0011572       0.0013534
          0.0003053       0.0003500       0.0003501       0.0004346       0.0006500       0.0006500       0.0008694       0.0011000       0.0010788       0.0013073
          0.0002731       0.0003500       0.0003136       0.0003966       0.0005833       0.0005833       0.0008140       0.0011143       0.0009740       0.0012457
          0.0003050       0.0003500       0.0003497       0.0004343       0.0006500       0.0006500       0.0008697       0.0010958       0.0010795       0.0013086
          0.0002887       0.0003167       0.0003314       0.0004152       0.0006167       0.0006167       0.0008423       0.0010125       0.0010268       0.0012777
          0.0003214       0.0004000       0.0003682       0.0004535       0.0006833       0.0006833       0.0008969       0.0012875       0.0011308       0.0013379
          0.0003642       0.0005000       0.0004159       0.0005024       0.0007667       0.0007667       0.0009633       0.0012417       0.0012569       0.0014080
          0.0012379       0.0011000       0.0013402       0.0013701       0.0022500       0.0022500       0.0019863       0.0026208       0.0033124       0.0024182
          0.0010777       0.0013000       0.0011745       0.0012225       0.0020000       0.0020000       0.0018294       0.0027167       0.0029869       0.0022726
          0.0007326       0.0015667       0.0008133       0.0008908       0.0014333       0.0014333       0.0014550       0.0018833       0.0022236       0.0019144
          0.0007814       0.0018333       0.0008649       0.0009392       0.0015167       0.0015167       0.0015122       0.0019500       0.0023377       0.0019699
          0.0018160       0.0031500       0.0019307       0.0018796       0.0031333       0.0031333       0.0025120       0.0033833       0.0044507       0.0029022
          0.0015704       0.0024250       0.0016819       0.0016677       0.0027750       0.0027750       0.0023030       0.0028750       0.0040072       0.0027169
          0.0028923       0.0035025       0.0030068       0.0027628       0.0046685       0.0046685       0.0033534       0.0056094       0.0063344       0.0036417
          0.0033797       0.0045082       0.0034881       0.0031444       0.0053362       0.0053362       0.0036992       0.0063995       0.0071380       0.0039384
          0.0044657       0.0057564       0.0045462       0.0039634       0.0067604       0.0067604       0.0044121       0.0080967       0.0087872       0.0045348
          0.0020974       0.0026593       0.0022164       0.0021187       0.0035644       0.0035644       0.0027536       0.0043759       0.0050102       0.0031240
          0.0015631       0.0021000       0.0016753       0.0016621       0.0027667       0.0027667       0.0022981       0.0049833       0.0040023       0.0027145
          0.0038072       0.0044646       0.0039060       0.0034710       0.0058894       0.0058894       0.0039843       0.0073528       0.0077677       0.0041768
          0.0024729       0.0025678       0.0025914       0.0024272       0.0040863       0.0040863       0.0030423       0.0055165       0.0056315       0.0033722
          0.0031659       0.0032142       0.0032777       0.0029783       0.0050406       0.0050406       0.0035484       0.0065003       0.0067732       0.0038080
          0.0040239       0.0039812       0.0041169       0.0036343       0.0061779       0.0061779       0.0041275       0.0089665       0.0081063       0.0042972
          0.0103293       0.0107104       0.0100705       0.0079783       0.0136298       0.0136298       0.0076057       0.0166114       0.0162807       0.0071033
          0.0134676       0.0143996       0.0129444       0.0099660       0.0170030       0.0170030       0.0090843       0.0170096       0.0198069       0.0082566
          0.0138899       0.0152503       0.0133293       0.0102277       0.0174609       0.0174609       0.0092721       0.0201197       0.0203054       0.0083925
          0.0169746       0.0172065       0.0161103       0.0121054       0.0206127       0.0206127       0.0106288       0.0220053       0.0235508       0.0094258
          0.0191941       0.0198756       0.0180877       0.0134260       0.0227967       0.0227967       0.0115738       0.0247671       0.0257338       0.0101580
          0.0109378       0.0099235       0.0106349       0.0083704       0.0143190       0.0143190       0.0078984       0.0165025       0.0170328       0.0073260
          0.0086756       0.0094000       0.0085402       0.0068951       0.0118130       0.0118130       0.0067751       0.0126928       0.0143870       0.0064400
          0.0056206       0.0064900       0.0056582       0.0048003       0.0082095       0.0082095       0.0051112       0.0087579       0.0104310       0.0051083
          0.0035368       0.0033700       0.0036441       0.0032663       0.0055560       0.0055560       0.0038092       0.0077332       0.0073926       0.0040310
          0.0027000       0.0026600       0.0028192       0.0026115       0.0044175       0.0044175       0.0032179       0.0058779       0.0060392       0.0035263
          0.0048194       0.0046650       0.0048895       0.0042236       0.0072080       0.0072080       0.0046316       0.0080402       0.0092919       0.0047158
          0.0038192       0.0039090       0.0039202       0.0034813       0.0059270       0.0059270       0.0039974       0.0069335       0.0078240       0.0041891
          0.0045161       0.0044630       0.0045970       0.0040014       0.0068275       0.0068275       0.0044445       0.0079168       0.0088628       0.0045614
          0.0047945       0.0046435       0.0048658       0.0042055       0.0071810       0.0071810       0.0046171       0.0084892       0.0092633       0.0047038
          0.0040873       0.0041485       0.0041815       0.0036832       0.0062830       0.0062830       0.0041735       0.0072280       0.0082464       0.0043371
          0.0039164       0.0040940       0.0040149       0.0035547       0.0060500       0.0060500       0.0040603       0.0082690       0.0079585       0.0042411
          0.0035331       0.0034755       0.0036408       0.0032636       0.0055515       0.0055515       0.0038069       0.0080111       0.0073858       0.0040289
