          0.0085139       0.0060000       0.0108541       0.0066079       0.0184333       0.0184333       0.0060400       0.0259000       0.0243612       0.0056231
          0.0078530       0.0052000       0.0100904       0.0062513       0.0174167       0.0174167       0.0058245       0.0236667       0.0232724       0.0054716
          0.0039678       0.0041667       0.0054290       0.0039375       0.0106667       0.0106667       0.0043627       0.0163333       0.0155470       0.0044475
          0.0044038       0.0050000       0.0059695       0.0042224       0.0115000       0.0115000       0.0045514       0.0171500       0.0165247       0.0045814
          0.0040031       0.0042333       0.0054733       0.0039609       0.0107500       0.0107500       0.0043790       0.0179000       0.0156915       0.0044598
          0.0035403       0.0033333       0.0048934       0.0036489       0.0098333       0.0098333       0.0041688       0.0159000       0.0145713       0.0043101
          0.0035132       0.0033333       0.0048585       0.0036302       0.0097500       0.0097500       0.0041538       0.0162500       0.0144022       0.0042973
          0.0028724       0.0030833       0.0040426       0.0031757       0.0084167       0.0084167       0.0038372       0.0139500       0.0127696       0.0040686
          0.0028542       0.0027917       0.0040199       0.0031626       0.0084000       0.0084000       0.0038304       0.0139333       0.0127870       0.0040660
          0.0021997       0.0042500       0.0031679       0.0026639       0.0069333       0.0069333       0.0034672       0.0123000       0.0109172       0.0037999
          0.0023567       0.0041500       0.0033737       0.0027870       0.0072833       0.0072833       0.0035568       0.0122167       0.0113630       0.0038652
          0.0025249       0.0045000       0.0035936       0.0029165       0.0076667       0.0076667       0.0036523       0.0117667       0.0118490       0.0039352
          0.0023017       0.0028500       0.0033020       0.0027443       0.0071667       0.0071667       0.0035266       0.0110667       0.0112218       0.0038439
          0.0023349       0.0028333       0.0033457       0.0027703       0.0072500       0.0072500       0.0035469       0.0109250       0.0113362       0.0038596
          0.0037973       0.0045362       0.0052158       0.0038235       0.0103292       0.0103292       0.0042859       0.0142764       0.0151475       0.0043930
          0.0038367       0.0042359       0.0052635       0.0038495       0.0103667       0.0103667       0.0043010       0.0154500       0.0151363       0.0044024
          0.0033897       0.0034312       0.0047003       0.0035440       0.0094684       0.0094684       0.0040922       0.0146345       0.0140422       0.0042519
          0.0029306       0.0032484       0.0041148       0.0032171       0.0085167       0.0085167       0.0038640       0.0130167       0.0128869       0.0040873
          0.0019073       0.0027000       0.0027785       0.0024255       0.0062250       0.0062250       0.0032838       0.0103250       0.0099926       0.0036632
          0.0022662       0.0024333       0.0032538       0.0027156       0.0070750       0.0070750       0.0035039       0.0104250       0.0111126       0.0038275
          0.0020360       0.0027000       0.0029496       0.0025313       0.0065375       0.0065375       0.0033654       0.0099625       0.0104275       0.0037263
          0.0016758       0.0024375       0.0024679       0.0022294       0.0056700       0.0056700       0.0031342       0.0093600       0.0092893       0.0035556
          0.0014112       0.0023000       0.0021078       0.0019940       0.0049833       0.0049833       0.0029435       0.0079833       0.0083502       0.0034106
          0.0015992       0.0026833       0.0023635       0.0021621       0.0054667       0.0054667       0.0030786       0.0086000       0.0090139       0.0035132
          0.0014960       0.0025625       0.0022231       0.0020704       0.0052000       0.0052000       0.0030045       0.0077750       0.0086553       0.0034576
          0.0024103       0.0031667       0.0034396       0.0028266       0.0073700       0.0073700       0.0035811       0.0106300       0.0114753       0.0038821
          0.0026773       0.0035375       0.0037858       0.0030293       0.0079500       0.0079500       0.0037273       0.0116000       0.0121978       0.0039881
          0.0021095       0.0027250       0.0030445       0.0025895       0.0066862       0.0066862       0.0034054       0.0093237       0.0106145       0.0037543
          0.0018977       0.0024000       0.0027636       0.0024163       0.0061895       0.0061895       0.0032745       0.0094164       0.0099769       0.0036586
          0.0014134       0.0023333       0.0021096       0.0019952       0.0049818       0.0049818       0.0029426       0.0083318       0.0083692       0.0034122
          0.0013108       0.0022100       0.0019682       0.0019001       0.0047030       0.0047030       0.0028625       0.0078744       0.0079693       0.0033489
          0.0012121       0.0021125       0.0018319       0.0018067       0.0044436       0.0044436       0.0027866       0.0065936       0.0076205       0.0032935
          0.0014027       0.0024438       0.0020940       0.0019848       0.0049427       0.0049427       0.0029314       0.0073052       0.0082981       0.0034007
          0.0010110       0.0020500       0.0015501       0.0016076       0.0038706       0.0038706       0.0026129       0.0060006       0.0067902       0.0031566
          0.0010305       0.0019833       0.0015775       0.0016273       0.0039263       0.0039263       0.0026301       0.0062694       0.0068724       0.0031702
          0.0010136       0.0018417       0.0015536       0.0016102       0.0038792       0.0038792       0.0026156       0.0061052       0.0068090       0.0031599
          0.0007225       0.0014333       0.0011376       0.0012981       0.0030042       0.0030042       0.0023332       0.0045899       0.0055224       0.0029400
          0.0011934       0.0019313       0.0018047       0.0017877       0.0043764       0.0043764       0.0027661       0.0068139       0.0074988       0.0032724
          0.0011022       0.0019357       0.0016776       0.0016986       0.0041214       0.0041214       0.0026894       0.0063786       0.0071318       0.0032121
          0.0017693       0.0023357       0.0025891       0.0023067       0.0058512       0.0058512       0.0031845       0.0087369       0.0094791       0.0035853
          0.0014263       0.0022250       0.0021248       0.0020053       0.0049872       0.0049872       0.0029440       0.0081167       0.0083208       0.0034042
          0.0008507       0.0014900       0.0013217       0.0014392       0.0033893       0.0033893       0.0024593       0.0056393       0.0060736       0.0030329
          0.0007135       0.0014200       0.0011241       0.0012875       0.0029700       0.0029700       0.0023208       0.0049300       0.0054559       0.0029261
          0.0008873       0.0016929       0.0013743       0.0014786       0.0035071       0.0035071       0.0024981       0.0056750       0.0062583       0.0030664
          0.0007161       0.0014250       0.0011281       0.0012906       0.0029833       0.0029833       0.0023260       0.0045232       0.0054874       0.0029335
          0.0007508       0.0014000       0.0011783       0.0013298       0.0030929       0.0030929       0.0023629       0.0047100       0.0056513       0.0029623
          0.0006343       0.0013643       0.0010086       0.0011955       0.0027214       0.0027214       0.0022364       0.0040500       0.0050919       0.0028639
          0.0007153       0.0015357       0.0011268       0.0012896       0.0029786       0.0029786       0.0023241       0.0043000       0.0054769       0.0029309
          0.0007983       0.0017083       0.0012468       0.0013825       0.0032357       0.0032357       0.0024097       0.0045251       0.0058582       0.0029971
          0.0006894       0.0018083       0.0010893       0.0012600       0.0029000       0.0029000       0.0022979       0.0041750       0.0053623       0.0029119
          0.0005537       0.0016625       0.0008892       0.0010976       0.0024500       0.0024500       0.0021401       0.0033500       0.0046642       0.0027859
          0.0004559       0.0014533       0.0007420       0.0009720       0.0021036       0.0021036       0.0020117       0.0028820       0.0041141       0.0026836
          0.0005938       0.0015400       0.0009487       0.0011468       0.0025800       0.0025800       0.0021854       0.0035333       0.0048631       0.0028199
          0.0011307       0.0023083       0.0017173       0.0017267       0.0042000       0.0042000       0.0027132       0.0058500       0.0072370       0.0032294
          0.0012324       0.0022333       0.0018588       0.0018251       0.0044875       0.0044875       0.0027991       0.0061000       0.0076466       0.0032969
          0.0009160       0.0020736       0.0014158       0.0015096       0.0036000       0.0036000       0.0025286       0.0048835       0.0064044       0.0030930
          0.0008672       0.0018275       0.0013465       0.0014581       0.0034575       0.0034575       0.0024835       0.0048000       0.0061924       0.0030575
          0.0014310       0.0025675       0.0021329       0.0020107       0.0050250       0.0050250       0.0029548       0.0066441       0.0084026       0.0034180
          0.0015041       0.0026406       0.0022338       0.0020774       0.0052345       0.0052345       0.0030137       0.0069332       0.0087091       0.0034662
          0.0027054       0.0035875       0.0038226       0.0030503       0.0080500       0.0080500       0.0037474       0.0111023       0.0123525       0.0040054
          0.0029108       0.0031750       0.0040900       0.0032030       0.0085125       0.0085125       0.0038581       0.0120388       0.0129597       0.0040875
          0.0032642       0.0031292       0.0045423       0.0034564       0.0092692       0.0092692       0.0040368       0.0131500       0.0138890       0.0042158
          0.0016669       0.0021800       0.0024574       0.0022226       0.0056760       0.0056760       0.0031349       0.0084901       0.0093344       0.0035618
          0.0014204       0.0026175       0.0021216       0.0020033       0.0050250       0.0050250       0.0029553       0.0077233       0.0084404       0.0034251
          0.0026005       0.0031386       0.0036894       0.0029728       0.0078162       0.0078162       0.0036907       0.0113563       0.0120551       0.0039638
          0.0023530       0.0030125       0.0033666       0.0027831       0.0072687       0.0072687       0.0035532       0.0104401       0.0113616       0.0038635
          0.0028354       0.0032962       0.0039924       0.0031475       0.0083307       0.0083307       0.0038165       0.0117769       0.0126946       0.0040550
          0.0041579       0.0059675       0.0056614       0.0040619       0.0110061       0.0110061       0.0044442       0.0148335       0.0159486       0.0045054
          0.0166301       0.0256528       0.0197937       0.0105388       0.0296090       0.0296090       0.0083019       0.0318376       0.0362047       0.0071722
          0.0163882       0.0259280       0.0195407       0.0104291       0.0293375       0.0293375       0.0082343       0.0316985       0.0359379       0.0071222
          0.0144860       0.0227620       0.0175054       0.0095598       0.0269358       0.0269358       0.0077398       0.0292604       0.0335129       0.0067754
          0.0181685       0.0248750       0.0214330       0.0112166       0.0316000       0.0316000       0.0086602       0.0353114       0.0383796       0.0073861
          0.0285319       0.0390833       0.0319328       0.0155225       0.0432579       0.0432579       0.0110129       0.0457380       0.0500010       0.0089777
          0.0216250       0.0311875       0.0250098       0.0127022       0.0356667       0.0356667       0.0094817       0.0385760       0.0424270       0.0079550
          0.0142898       0.0205298       0.0172976       0.0094677       0.0266869       0.0266869       0.0076869       0.0294290       0.0332792       0.0067356
          0.0082041       0.0133480       0.0105011       0.0064417       0.0179952       0.0179952       0.0059374       0.0220719       0.0239504       0.0055465
          0.0079039       0.0146100       0.0101534       0.0062791       0.0175211       0.0175211       0.0058399       0.0207173       0.0233994       0.0054810
          0.0056396       0.0109992       0.0074775       0.0049893       0.0137503       0.0137503       0.0050455       0.0162849       0.0191512       0.0049291
          0.0063569       0.0120689       0.0083361       0.0054116       0.0149816       0.0149816       0.0053101       0.0177150       0.0205608       0.0051137
          0.0053080       0.0105987       0.0070777       0.0047889       0.0131715       0.0131715       0.0049182       0.0158262       0.0184975       0.0048396
          0.0057905       0.0114681       0.0076597       0.0050793       0.0140220       0.0140220       0.0051022       0.0168692       0.0194810       0.0049682
          0.0043016       0.0090539       0.0058462       0.0041571       0.0113246       0.0113246       0.0045091       0.0148929       0.0163478       0.0045515
          0.0036477       0.0073688       0.0050312       0.0037232       0.0100670       0.0100670       0.0042204       0.0133782       0.0148722       0.0043474
          0.0043449       0.0086305       0.0058991       0.0041849       0.0113927       0.0113927       0.0045268       0.0146201       0.0164043       0.0045640
          0.0034048       0.0068724       0.0047248       0.0035561       0.0095665       0.0095665       0.0041059       0.0126326       0.0142391       0.0042650
