          0.0079621       0.0072500       0.0100642       0.0092166       0.0157000       0.0157000       0.0129088       0.0207667       0.0192657       0.0152535
          0.0092496       0.0087500       0.0114543       0.0103870       0.0173500       0.0173500       0.0141205       0.0236667       0.0209339       0.0164102
          0.0089697       0.0082500       0.0111552       0.0101357       0.0170000       0.0170000       0.0138633       0.0225000       0.0205786       0.0161635
          0.0070528       0.0070000       0.0090637       0.0083691       0.0145000       0.0145000       0.0120262       0.0209333       0.0180551       0.0144159
          0.0067021       0.0077333       0.0086732       0.0080370       0.0140333       0.0140333       0.0116822       0.0207500       0.0176175       0.0141133
          0.0056029       0.0067000       0.0074281       0.0069727       0.0124667       0.0124667       0.0105299       0.0187500       0.0159868       0.0129910
          0.0064136       0.0075000       0.0083483       0.0077603       0.0136000       0.0136000       0.0113655       0.0188000       0.0171073       0.0137624
          0.0067070       0.0084000       0.0086771       0.0080405       0.0140000       0.0140000       0.0116603       0.0186875       0.0175137       0.0140430
          0.0051180       0.0066500       0.0068679       0.0064903       0.0117333       0.0117333       0.0099895       0.0161497       0.0151970       0.0124474
          0.0046941       0.0100833       0.0063716       0.0060609       0.0110667       0.0110667       0.0094972       0.0150158       0.0144752       0.0119500
          0.0041531       0.0066500       0.0057296       0.0055021       0.0102000       0.0102000       0.0088548       0.0127750       0.0135514       0.0113141
          0.0027329       0.0071500       0.0039855       0.0039593       0.0077500       0.0077500       0.0070217       0.0120000       0.0108703       0.0094667
          0.0035854       0.0059500       0.0050443       0.0049007       0.0092667       0.0092667       0.0081600       0.0128500       0.0125493       0.0106252
          0.0023882       0.0053500       0.0035453       0.0035624       0.0071000       0.0071000       0.0065296       0.0112000       0.0101465       0.0089677
          0.0033790       0.0041500       0.0047919       0.0046778       0.0089250       0.0089250       0.0079049       0.0124333       0.0121972       0.0103852
          0.0048014       0.0051127       0.0064964       0.0061693       0.0112126       0.0112126       0.0096056       0.0142250       0.0146167       0.0120463
          0.0020164       0.0027500       0.0030588       0.0031189       0.0063250       0.0063250       0.0059354       0.0091333       0.0092246       0.0083191
          0.0011506       0.0022987       0.0018772       0.0020137       0.0043667       0.0043667       0.0044046       0.0068125       0.0068787       0.0066690
          0.0011911       0.0022740       0.0019346       0.0020686       0.0044697       0.0044697       0.0044869       0.0061875       0.0070124       0.0067656
          0.0008886       0.0014987       0.0014989       0.0016480       0.0036861       0.0036861       0.0038579       0.0054833       0.0060339       0.0060720
          0.0007567       0.0015570       0.0013022       0.0014545       0.0033078       0.0033078       0.0035477       0.0050500       0.0055420       0.0057175
          0.0005551       0.0013167       0.0009922       0.0011440       0.0026833       0.0026833       0.0030275       0.0040083       0.0046961       0.0051029
          0.0004658       0.0013200       0.0008492       0.0009979       0.0023705       0.0023705       0.0027599       0.0032000       0.0042484       0.0047680
          0.0004845       0.0013821       0.0008793       0.0010287       0.0024371       0.0024371       0.0028170       0.0031100       0.0043490       0.0048445
          0.0003375       0.0010282       0.0006354       0.0007754       0.0018820       0.0018820       0.0023364       0.0027700       0.0035418       0.0042451
          0.0004991       0.0012058       0.0009025       0.0010524       0.0024813       0.0024813       0.0028529       0.0040300       0.0044052       0.0048807
          0.0007987       0.0017683       0.0013640       0.0015154       0.0034125       0.0034125       0.0036304       0.0050400       0.0056666       0.0057981
          0.0007413       0.0012808       0.0012779       0.0014303       0.0032500       0.0032500       0.0034974       0.0048400       0.0054626       0.0056547
          0.0006069       0.0012546       0.0010724       0.0012248       0.0028400       0.0028400       0.0031565       0.0042250       0.0049138       0.0052574
          0.0005585       0.0010833       0.0009966       0.0011482       0.0026833       0.0026833       0.0030247       0.0037125       0.0047001       0.0051018
          0.0005805       0.0012333       0.0010308       0.0011828       0.0027500       0.0027500       0.0030796       0.0038688       0.0047815       0.0051560
          0.0003184       0.0009000       0.0006020       0.0007400       0.0018000       0.0018000       0.0022634       0.0027400       0.0034200       0.0041529
          0.0005580       0.0014500       0.0009952       0.0011467       0.0026750       0.0026750       0.0030160       0.0038950       0.0046782       0.0050797
          0.0004776       0.0013300       0.0008671       0.0010159       0.0024000       0.0024000       0.0027816       0.0036250       0.0042848       0.0047867
          0.0004634       0.0012750       0.0008441       0.0009922       0.0023500       0.0023500       0.0027388       0.0033500       0.0042154       0.0047361
          0.0005259       0.0013833       0.0009443       0.0010949       0.0025667       0.0025667       0.0029238       0.0036625       0.0045236       0.0049644
          0.0004322       0.0011250       0.0007932       0.0009397       0.0022375       0.0022375       0.0026420       0.0032100       0.0040535       0.0046159
          0.0004259       0.0011500       0.0007827       0.0009289       0.0022125       0.0022125       0.0026199       0.0032600       0.0040136       0.0045839
          0.0004095       0.0011833       0.0007557       0.0009008       0.0021500       0.0021500       0.0025653       0.0031500       0.0039177       0.0045097
          0.0005043       0.0011800       0.0009095       0.0010593       0.0024875       0.0024875       0.0028549       0.0036833       0.0043966       0.0048631
          0.0006968       0.0015667       0.0012087       0.0013611       0.0031000       0.0031000       0.0033695       0.0044125       0.0052335       0.0054745
          0.0004703       0.0012125       0.0008548       0.0010031       0.0023667       0.0023667       0.0027509       0.0032417       0.0042239       0.0047333
          0.0004096       0.0011875       0.0007557       0.0009008       0.0021500       0.0021500       0.0025652       0.0032300       0.0039165       0.0045081
          0.0003956       0.0012250       0.0007325       0.0008767       0.0021000       0.0021000       0.0025227       0.0031042       0.0038487       0.0044611
          0.0002543       0.0008167       0.0004870       0.0006178       0.0015100       0.0015100       0.0020043       0.0020219       0.0029632       0.0038009
          0.0002264       0.0008600       0.0004349       0.0005619       0.0013750       0.0013750       0.0018840       0.0020321       0.0027510       0.0036415
          0.0001670       0.0006000       0.0003155       0.0004332       0.0010500       0.0010500       0.0015922       0.0017167       0.0022294       0.0032507
          0.0001866       0.0005000       0.0003564       0.0004774       0.0011625       0.0011625       0.0016925       0.0018872       0.0024095       0.0033824
          0.0001780       0.0005667       0.0003386       0.0004582       0.0011125       0.0011125       0.0016469       0.0019186       0.0023270       0.0033186
          0.0001863       0.0005833       0.0003558       0.0004768       0.0011625       0.0011625       0.0016935       0.0018026       0.0024116       0.0033870
          0.0001341       0.0004167       0.0002403       0.0003521       0.0008333       0.0008333       0.0013963       0.0014500       0.0018680       0.0029765
          0.0001333       0.0004489       0.0002384       0.0003500       0.0008275       0.0008275       0.0013910       0.0013450       0.0018595       0.0029708
          0.0001344       0.0004931       0.0002411       0.0003529       0.0008333       0.0008333       0.0013943       0.0013850       0.0018660       0.0029700
          0.0003147       0.0009134       0.0005950       0.0007325       0.0017750       0.0017750       0.0022378       0.0027283       0.0033605       0.0040928
          0.0004446       0.0008833       0.0008133       0.0009604       0.0022833       0.0022833       0.0026817       0.0029167       0.0041114       0.0046565
          0.0004250       0.0009531       0.0007817       0.0009279       0.0022152       0.0022152       0.0026240       0.0029505       0.0040229       0.0045958
          0.0003895       0.0011000       0.0007229       0.0008669       0.0020835       0.0020835       0.0025106       0.0030934       0.0038286       0.0044516
          0.0014282       0.0027000       0.0022629       0.0023795       0.0050274       0.0050274       0.0049261       0.0068091       0.0077015       0.0072510
          0.0015078       0.0042390       0.0023736       0.0024836       0.0052302       0.0052302       0.0050874       0.0071835       0.0079651       0.0074438
          0.0030363       0.0038596       0.0043613       0.0042953       0.0082939       0.0082939       0.0074306       0.0118107       0.0114937       0.0098972
          0.0052366       0.0052550       0.0070017       0.0066059       0.0119020       0.0119020       0.0101141       0.0165375       0.0153997       0.0125870
          0.0061197       0.0054190       0.0080148       0.0074756       0.0132104       0.0132104       0.0110774       0.0180925       0.0167592       0.0135223
          0.0031321       0.0032693       0.0044856       0.0044061       0.0084995       0.0084995       0.0075864       0.0124832       0.0117534       0.0100823
          0.0039376       0.0059747       0.0054695       0.0052745       0.0098519       0.0098519       0.0085959       0.0125267       0.0132130       0.0110832
          0.0048957       0.0069878       0.0066044       0.0062628       0.0113576       0.0113576       0.0097127       0.0159234       0.0147972       0.0121713
          0.0052499       0.0055426       0.0070156       0.0066180       0.0118967       0.0118967       0.0101110       0.0159269       0.0153618       0.0125599
          0.0067989       0.0071237       0.0087750       0.0081244       0.0141172       0.0141172       0.0117469       0.0185500       0.0176578       0.0141423
          0.0097242       0.0079010       0.0119532       0.0108065       0.0179048       0.0179048       0.0145320       0.0227830       0.0214757       0.0167901
          0.0347613       0.0353302       0.0355184       0.0304022       0.0419341       0.0419341       0.0328354       0.0422714       0.0440455       0.0333810
          0.0443148       0.0446009       0.0435808       0.0372205       0.0493876       0.0493876       0.0388682       0.0500335       0.0507652       0.0387210
          0.0464799       0.0505932       0.0453640       0.0387420       0.0510194       0.0510194       0.0402056       0.0514039       0.0522304       0.0398937
          0.0445844       0.0485108       0.0438155       0.0374146       0.0496214       0.0496214       0.0390434       0.0498384       0.0509908       0.0388670
          0.0592723       0.0614629       0.0555632       0.0475825       0.0600704       0.0600704       0.0478906       0.0601990       0.0602617       0.0466369
          0.0448638       0.0503520       0.0440414       0.0376095       0.0498174       0.0498174       0.0392124       0.0490683       0.0511541       0.0390195
          0.0321039       0.0411770       0.0332216       0.0284722       0.0398052       0.0398052       0.0311257       0.0396142       0.0421388       0.0318681
          0.0224314       0.0295202       0.0245001       0.0212184       0.0313052       0.0313052       0.0245365       0.0315113       0.0343115       0.0259721
          0.0317820       0.0378489       0.0329408       0.0282369       0.0395255       0.0395255       0.0309098       0.0409342       0.0418615       0.0316696
          0.0174818       0.0249090       0.0198006       0.0173286       0.0264960       0.0264960       0.0209020       0.0267818       0.0297807       0.0226719
          0.0149501       0.0217584       0.0173174       0.0152716       0.0238731       0.0238731       0.0189419       0.0249571       0.0272914       0.0208848
          0.0093289       0.0155364       0.0115434       0.0104612       0.0174635       0.0174635       0.0142025       0.0181198       0.0210522       0.0164913
          0.0112030       0.0171704       0.0135151       0.0121107       0.0197166       0.0197166       0.0158613       0.0204330       0.0232778       0.0180451
          0.0136840       0.0192864       0.0160513       0.0142211       0.0225188       0.0225188       0.0179334       0.0238825       0.0259940       0.0199603
          0.0130801       0.0185735       0.0154418       0.0137146       0.0218690       0.0218690       0.0174492       0.0231555       0.0253839       0.0195245
          0.0143944       0.0178666       0.0167633       0.0148123       0.0232754       0.0232754       0.0184978       0.0248608       0.0267060       0.0204699
          0.0148827       0.0184760       0.0172517       0.0152169       0.0238156       0.0238156       0.0188964       0.0249524       0.0272355       0.0208430
