          0.0039775       0.0067500       0.0063944       0.0046590       0.0135000       0.0135000       0.0060956       0.0168000       0.0190821       0.0067036
          0.0037624       0.0065000       0.0060761       0.0044705       0.0130000       0.0130000       0.0059297       0.0170250       0.0185291       0.0065694
          0.0030324       0.0061667       0.0049797       0.0038101       0.0111667       0.0111667       0.0053256       0.0153500       0.0163580       0.0060640
          0.0026210       0.0056667       0.0043502       0.0034210       0.0100667       0.0100667       0.0049583       0.0135000       0.0150214       0.0057522
          0.0028740       0.0059667       0.0047387       0.0036620       0.0107667       0.0107667       0.0051905       0.0145250       0.0159240       0.0059574
          0.0025982       0.0059167       0.0043154       0.0033992       0.0100167       0.0100167       0.0049402       0.0138750       0.0149925       0.0057423
          0.0025497       0.0056333       0.0042397       0.0033519       0.0098500       0.0098500       0.0048873       0.0138375       0.0147202       0.0056853
          0.0022514       0.0047500       0.0037764       0.0030585       0.0090000       0.0090000       0.0045996       0.0131000       0.0136681       0.0054376
          0.0017866       0.0038750       0.0030442       0.0025816       0.0076333       0.0076333       0.0041262       0.0117500       0.0119754       0.0050350
          0.0014604       0.0076667       0.0025198       0.0022278       0.0065667       0.0065667       0.0037493       0.0102500       0.0105595       0.0046968
          0.0015437       0.0035000       0.0026542       0.0023197       0.0068333       0.0068333       0.0038449       0.0105500       0.0109127       0.0047811
          0.0016653       0.0037500       0.0028500       0.0024520       0.0072333       0.0072333       0.0039866       0.0110000       0.0114370       0.0049070
          0.0017177       0.0040000       0.0029337       0.0025081       0.0074000       0.0074000       0.0040452       0.0113333       0.0116589       0.0049598
          0.0016622       0.0035000       0.0028452       0.0024488       0.0072333       0.0072333       0.0039861       0.0105750       0.0114505       0.0049102
          0.0018250       0.0034375       0.0031051       0.0026220       0.0077500       0.0077500       0.0041669       0.0112875       0.0121366       0.0050727
          0.0023333       0.0054125       0.0039030       0.0031394       0.0092167       0.0092167       0.0046748       0.0130750       0.0139363       0.0055013
          0.0018557       0.0034583       0.0031517       0.0026530       0.0078000       0.0078000       0.0041866       0.0120000       0.0121418       0.0050754
          0.0019162       0.0032000       0.0032468       0.0027157       0.0079833       0.0079833       0.0042504       0.0118500       0.0123839       0.0051328
          0.0013144       0.0022167       0.0022806       0.0020620       0.0060500       0.0060500       0.0035624       0.0099250       0.0098609       0.0045261
          0.0011732       0.0020333       0.0020495       0.0018986       0.0055667       0.0055667       0.0033849       0.0092875       0.0092226       0.0043721
          0.0008760       0.0014333       0.0015543       0.0015358       0.0044500       0.0044500       0.0029625       0.0076500       0.0076530       0.0039855
          0.0006545       0.0014563       0.0011766       0.0012440       0.0035375       0.0035375       0.0026020       0.0057375       0.0062986       0.0036460
          0.0005028       0.0011500       0.0009113       0.0010280       0.0028375       0.0028375       0.0023110       0.0056833       0.0051972       0.0033591
          0.0008171       0.0018417       0.0014541       0.0014598       0.0042083       0.0042083       0.0028678       0.0065200       0.0072988       0.0038955
          0.0007069       0.0015375       0.0012660       0.0013144       0.0037500       0.0037500       0.0026860       0.0060333       0.0066195       0.0037238
          0.0012116       0.0029875       0.0021104       0.0019420       0.0056750       0.0056750       0.0034242       0.0083000       0.0093634       0.0044031
          0.0010537       0.0027000       0.0018496       0.0017544       0.0051000       0.0051000       0.0032093       0.0074333       0.0085617       0.0042054
          0.0007888       0.0021833       0.0014053       0.0014224       0.0040833       0.0040833       0.0028177       0.0064625       0.0071160       0.0038474
          0.0006267       0.0013167       0.0011275       0.0012045       0.0034000       0.0034000       0.0025438       0.0059750       0.0060927       0.0035894
          0.0006843       0.0012250       0.0012267       0.0012834       0.0036500       0.0036500       0.0026452       0.0054333       0.0064773       0.0036875
          0.0006085       0.0011875       0.0010954       0.0011787       0.0033125       0.0033125       0.0025069       0.0051500       0.0059479       0.0035489
          0.0005386       0.0016250       0.0009735       0.0010793       0.0030000       0.0030000       0.0023779       0.0042833       0.0054668       0.0034279
          0.0006671       0.0016000       0.0011965       0.0012594       0.0035669       0.0035669       0.0026104       0.0052626       0.0063383       0.0036482
          0.0005762       0.0013377       0.0010387       0.0011326       0.0031625       0.0031625       0.0024441       0.0047501       0.0057058       0.0034837
          0.0004981       0.0012500       0.0009016       0.0010195       0.0028000       0.0028000       0.0022918       0.0040625       0.0051354       0.0033362
          0.0004501       0.0010834       0.0008162       0.0009474       0.0025670       0.0025670       0.0021921       0.0040001       0.0047611       0.0032393
          0.0003789       0.0010668       0.0006874       0.0008361       0.0022001       0.0022001       0.0020313       0.0033667       0.0041493       0.0030767
          0.0005486       0.0012501       0.0009903       0.0010930       0.0030336       0.0030336       0.0023897       0.0042550       0.0055004       0.0034289
          0.0005971       0.0013002       0.0010747       0.0011617       0.0032501       0.0032501       0.0024793       0.0047452       0.0058307       0.0035123
          0.0007734       0.0017336       0.0013773       0.0014006       0.0040001       0.0040001       0.0027828       0.0056200       0.0069594       0.0038006
          0.0012779       0.0031834       0.0022156       0.0020164       0.0058752       0.0058752       0.0034974       0.0076252       0.0096013       0.0044578
          0.0007261       0.0018251       0.0012963       0.0013378       0.0038001       0.0038001       0.0027025       0.0056168       0.0066599       0.0037229
          0.0007289       0.0015751       0.0013014       0.0013417       0.0038168       0.0038168       0.0027097       0.0054001       0.0066893       0.0037320
          0.0008914       0.0018502       0.0015765       0.0015523       0.0044752       0.0044752       0.0029694       0.0063150       0.0076619       0.0039792
          0.0006335       0.0014750       0.0011378       0.0012125       0.0034165       0.0034165       0.0025484       0.0049333       0.0060962       0.0035834
          0.0006027       0.0014400       0.0010844       0.0011696       0.0032813       0.0032813       0.0024930       0.0050625       0.0058874       0.0035299
          0.0004170       0.0011333       0.0007563       0.0008960       0.0024000       0.0024000       0.0021195       0.0042333       0.0044824       0.0031652
          0.0005468       0.0010500       0.0009869       0.0010901       0.0030250       0.0030250       0.0023860       0.0037619       0.0054854       0.0034247
          0.0004051       0.0010625       0.0007346       0.0008772       0.0023333       0.0023333       0.0020890       0.0038125       0.0043656       0.0031302
          0.0003850       0.0009500       0.0006983       0.0008456       0.0022333       0.0022333       0.0020462       0.0036791       0.0042027       0.0030907
          0.0003243       0.0008667       0.0005860       0.0007460       0.0019000       0.0019000       0.0018972       0.0030500       0.0036309       0.0029376
          0.0002604       0.0006825       0.0004637       0.0006343       0.0015165       0.0015165       0.0017210       0.0025250       0.0029554       0.0027566
          0.0002993       0.0009246       0.0005387       0.0007032       0.0017500       0.0017500       0.0018269       0.0028440       0.0033677       0.0028628
          0.0009058       0.0019486       0.0016008       0.0015705       0.0045250       0.0045250       0.0029885       0.0066000       0.0077218       0.0039926
          0.0007629       0.0014333       0.0013597       0.0013871       0.0039667       0.0039667       0.0027704       0.0058833       0.0069157       0.0037919
          0.0006059       0.0013558       0.0010906       0.0011747       0.0033015       0.0033015       0.0025023       0.0049599       0.0059240       0.0035420
          0.0004664       0.0014000       0.0008455       0.0009724       0.0026530       0.0026530       0.0022305       0.0038096       0.0048943       0.0032755
          0.0010171       0.0030125       0.0017878       0.0017092       0.0049708       0.0049708       0.0031604       0.0062929       0.0083809       0.0041616
          0.0012210       0.0035771       0.0021259       0.0019530       0.0057342       0.0057342       0.0034461       0.0072742       0.0094620       0.0044298
          0.0033196       0.0053959       0.0054047       0.0040701       0.0118578       0.0118578       0.0055589       0.0158262       0.0171735       0.0062577
          0.0047959       0.0071977       0.0075866       0.0053549       0.0153743       0.0153743       0.0067055       0.0202647       0.0212699       0.0072089
          0.0048294       0.0074140       0.0076374       0.0053835       0.0154777       0.0154777       0.0067342       0.0208066       0.0213838       0.0072323
          0.0024835       0.0040520       0.0041367       0.0032873       0.0096952       0.0096952       0.0048320       0.0135898       0.0146146       0.0056528
          0.0033577       0.0059329       0.0054678       0.0041072       0.0119674       0.0119674       0.0055942       0.0160264       0.0173285       0.0062907
          0.0047182       0.0069347       0.0074730       0.0052895       0.0151555       0.0151555       0.0066424       0.0190571       0.0209743       0.0071527
          0.0035423       0.0053333       0.0057422       0.0042726       0.0124102       0.0124102       0.0057425       0.0160335       0.0178144       0.0064096
          0.0039344       0.0058530       0.0063251       0.0046194       0.0133637       0.0133637       0.0060553       0.0173566       0.0189235       0.0066694
          0.0055456       0.0082258       0.0086609       0.0059694       0.0169707       0.0169707       0.0072274       0.0211508       0.0230192       0.0076299
          0.0167406       0.0285237       0.0232058       0.0138411       0.0355395       0.0355395       0.0133563       0.0370573       0.0422910       0.0124409
          0.0231451       0.0369117       0.0306745       0.0178205       0.0437922       0.0437922       0.0162469       0.0405000       0.0503371       0.0146463
          0.0222858       0.0360569       0.0297074       0.0172989       0.0428040       0.0428040       0.0158652       0.0393556       0.0494439       0.0143384
          0.0213344       0.0398773       0.0286316       0.0167176       0.0416524       0.0416524       0.0154450       0.0425130       0.0483910       0.0140054
          0.0244847       0.0435603       0.0321939       0.0186264       0.0454263       0.0454263       0.0168189       0.0458624       0.0519709       0.0150576
          0.0167726       0.0328199       0.0232607       0.0138626       0.0356625       0.0356625       0.0133677       0.0364284       0.0424729       0.0124374
          0.0089671       0.0205600       0.0133846       0.0085802       0.0236297       0.0236297       0.0093597       0.0250071       0.0302874       0.0093305
          0.0077839       0.0168058       0.0117883       0.0077084       0.0214666       0.0214666       0.0086646       0.0234736       0.0279573       0.0087823
          0.0065964       0.0139000       0.0101523       0.0068040       0.0191869       0.0191869       0.0079296       0.0213054       0.0254746       0.0081966
          0.0039810       0.0076132       0.0064030       0.0046633       0.0135332       0.0135332       0.0061030       0.0159108       0.0191435       0.0067126
          0.0039584       0.0079957       0.0063702       0.0046439       0.0134784       0.0134784       0.0060854       0.0165163       0.0190905       0.0066991
          0.0028870       0.0064347       0.0047609       0.0036754       0.0108005       0.0108005       0.0052024       0.0142773       0.0159359       0.0059631
          0.0030157       0.0066221       0.0049571       0.0037958       0.0111410       0.0111410       0.0053154       0.0147039       0.0163522       0.0060593
          0.0041736       0.0093800       0.0066879       0.0048305       0.0139981       0.0139981       0.0062528       0.0170983       0.0196928       0.0068376
          0.0030012       0.0070929       0.0049357       0.0037826       0.0111213       0.0111213       0.0053068       0.0142411       0.0163478       0.0060553
          0.0037869       0.0084998       0.0061157       0.0044934       0.0130630       0.0130630       0.0059503       0.0160193       0.0185886       0.0065850
          0.0039137       0.0096974       0.0063049       0.0046051       0.0133878       0.0133878       0.0060535       0.0155471       0.0189835       0.0066728
