          0.0054328       0.0049167       0.0056411       0.0052632       0.0083333       0.0083333       0.0068518       0.0124667       0.0108487       0.0080175
          0.0063552       0.0057500       0.0065093       0.0060480       0.0094167       0.0094167       0.0076887       0.0139167       0.0120719       0.0088531
          0.0046826       0.0044333       0.0049259       0.0046142       0.0074333       0.0074333       0.0061513       0.0105625       0.0098387       0.0073191
          0.0040671       0.0041833       0.0043313       0.0040728       0.0066667       0.0066667       0.0055531       0.0094750       0.0089570       0.0067108
          0.0037226       0.0035833       0.0039955       0.0037660       0.0062333       0.0062333       0.0052125       0.0092667       0.0084810       0.0063754
          0.0031327       0.0032567       0.0034135       0.0032328       0.0054567       0.0054567       0.0046020       0.0085333       0.0075619       0.0057392
          0.0023095       0.0020600       0.0025843       0.0024686       0.0043067       0.0043067       0.0036910       0.0068875       0.0061563       0.0047608
          0.0018700       0.0024550       0.0021315       0.0020484       0.0036600       0.0036600       0.0031726       0.0055625       0.0053619       0.0041994
          0.0015809       0.0021950       0.0018290       0.0017663       0.0032250       0.0032250       0.0028203       0.0048250       0.0048327       0.0038207
          0.0013718       0.0018230       0.0016069       0.0015582       0.0028882       0.0028882       0.0025467       0.0044500       0.0043953       0.0035087
          0.0009300       0.0011270       0.0011273       0.0011058       0.0021430       0.0021430       0.0019332       0.0036000       0.0034202       0.0028026
          0.0012968       0.0017425       0.0015266       0.0014828       0.0027663       0.0027663       0.0024471       0.0041375       0.0042390       0.0033962
          0.0014144       0.0017260       0.0016523       0.0016008       0.0029565       0.0029565       0.0026024       0.0042667       0.0044853       0.0035730
          0.0015219       0.0018250       0.0017666       0.0017078       0.0031300       0.0031300       0.0027434       0.0042875       0.0047095       0.0037331
          0.0018331       0.0020215       0.0020933       0.0020129       0.0036114       0.0036114       0.0031327       0.0049417       0.0053213       0.0041678
          0.0018833       0.0018000       0.0021451       0.0020611       0.0036750       0.0036750       0.0031851       0.0050875       0.0053796       0.0042124
          0.0015157       0.0016413       0.0017593       0.0017011       0.0031087       0.0031087       0.0027270       0.0046833       0.0046658       0.0037039
          0.0012250       0.0011677       0.0014486       0.0014095       0.0026405       0.0026405       0.0023444       0.0040400       0.0040689       0.0032743
          0.0009458       0.0010000       0.0011442       0.0011219       0.0021667       0.0021667       0.0019530       0.0035688       0.0034487       0.0028236
          0.0009773       0.0010750       0.0011790       0.0011549       0.0022250       0.0022250       0.0020013       0.0035500       0.0035345       0.0028856
          0.0009068       0.0010750       0.0011011       0.0010810       0.0021000       0.0021000       0.0018975       0.0031800       0.0033690       0.0027647
          0.0007861       0.0010000       0.0009666       0.0009530       0.0018833       0.0018833       0.0017164       0.0026200       0.0030754       0.0025493
          0.0007700       0.0009333       0.0009483       0.0009356       0.0018500       0.0018500       0.0016886       0.0025750       0.0030244       0.0025119
          0.0007607       0.0010250       0.0009378       0.0009256       0.0018333       0.0018333       0.0016745       0.0024800       0.0030053       0.0024976
          0.0007488       0.0013417       0.0009243       0.0009128       0.0018100       0.0018100       0.0016550       0.0024313       0.0029733       0.0024739
          0.0010767       0.0016875       0.0012871       0.0012572       0.0023875       0.0023875       0.0021362       0.0035000       0.0037452       0.0030393
          0.0010441       0.0016167       0.0012514       0.0012235       0.0023300       0.0023300       0.0020887       0.0029250       0.0036670       0.0029826
          0.0010253       0.0014000       0.0012309       0.0012040       0.0023000       0.0023000       0.0020637       0.0029929       0.0036340       0.0029580
          0.0010295       0.0014000       0.0012356       0.0012084       0.0023082       0.0023082       0.0020705       0.0030333       0.0036476       0.0029678
          0.0009153       0.0013500       0.0011099       0.0010893       0.0021095       0.0021095       0.0019055       0.0027786       0.0033840       0.0027754
          0.0009109       0.0013167       0.0011048       0.0010845       0.0020986       0.0020986       0.0018965       0.0029000       0.0033622       0.0027598
          0.0008347       0.0011250       0.0010202       0.0010041       0.0019650       0.0019650       0.0017849       0.0026286       0.0031860       0.0026305
          0.0008839       0.0011375       0.0010747       0.0010560       0.0020500       0.0020500       0.0018560       0.0028250       0.0032969       0.0027120
          0.0007971       0.0010000       0.0009779       0.0009638       0.0018925       0.0018925       0.0017244       0.0027125       0.0030782       0.0025516
          0.0006931       0.0010750       0.0008608       0.0008520       0.0017000       0.0017000       0.0015624       0.0026250       0.0028146       0.0023566
          0.0006403       0.0007500       0.0008007       0.0007945       0.0016000       0.0016000       0.0014778       0.0023000       0.0026767       0.0022541
          0.0006114       0.0007125       0.0007677       0.0007628       0.0015438       0.0015438       0.0014301       0.0024000       0.0025959       0.0021939
          0.0007712       0.0008375       0.0009487       0.0009360       0.0018438       0.0018438       0.0016835       0.0028286       0.0030097       0.0025010
          0.0007549       0.0007625       0.0009303       0.0009185       0.0018125       0.0018125       0.0016572       0.0026563       0.0029630       0.0024667
          0.0008139       0.0008333       0.0009964       0.0009814       0.0019200       0.0019200       0.0017475       0.0029563       0.0031080       0.0025738
          0.0009920       0.0011333       0.0011934       0.0011685       0.0022333       0.0022333       0.0020088       0.0033214       0.0035270       0.0028813
          0.0008131       0.0008250       0.0009953       0.0009804       0.0019167       0.0019167       0.0017448       0.0028200       0.0031019       0.0025694
          0.0007709       0.0009333       0.0009482       0.0009355       0.0018417       0.0018417       0.0016818       0.0027700       0.0030021       0.0024957
          0.0006475       0.0008333       0.0008087       0.0008022       0.0016125       0.0016125       0.0014884       0.0026321       0.0026888       0.0022632
          0.0006669       0.0009005       0.0008309       0.0008234       0.0016500       0.0016500       0.0015201       0.0024000       0.0027431       0.0023036
          0.0004294       0.0006000       0.0005557       0.0005583       0.0011750       0.0011750       0.0011141       0.0019167       0.0020636       0.0017933
          0.0003867       0.0006495       0.0005048       0.0005089       0.0010835       0.0010835       0.0010348       0.0017250       0.0019292       0.0016909
          0.0004239       0.0006754       0.0005491       0.0005520       0.0011625       0.0011625       0.0011033       0.0018054       0.0020441       0.0017784
          0.0004568       0.0006750       0.0005880       0.0005896       0.0012313       0.0012313       0.0011627       0.0017813       0.0021440       0.0018542
          0.0003772       0.0007335       0.0004934       0.0004978       0.0010625       0.0010625       0.0010165       0.0017048       0.0018969       0.0016663
          0.0002845       0.0004775       0.0003803       0.0003874       0.0008500       0.0008500       0.0008304       0.0013625       0.0015710       0.0014156
          0.0003196       0.0005868       0.0004236       0.0004297       0.0009325       0.0009325       0.0009030       0.0014450       0.0016993       0.0015147
          0.0003646       0.0006901       0.0004782       0.0004830       0.0010325       0.0010325       0.0009904       0.0016029       0.0018487       0.0016292
          0.0012905       0.0018071       0.0015172       0.0014741       0.0027340       0.0027340       0.0024218       0.0037230       0.0041821       0.0033569
          0.0013960       0.0020500       0.0016300       0.0015800       0.0029083       0.0029083       0.0025642       0.0037667       0.0044104       0.0035208
          0.0007973       0.0012584       0.0009783       0.0009642       0.0018952       0.0018952       0.0017266       0.0024665       0.0030838       0.0025556
          0.0007487       0.0014157       0.0009237       0.0009122       0.0018069       0.0018069       0.0016524       0.0024931       0.0029611       0.0024652
          0.0020846       0.0038605       0.0023508       0.0022525       0.0039634       0.0039634       0.0034177       0.0045264       0.0057395       0.0044674
          0.0020297       0.0034250       0.0022951       0.0022007       0.0038942       0.0038942       0.0033611       0.0041993       0.0056675       0.0044140
          0.0033292       0.0052832       0.0036051       0.0034091       0.0056985       0.0056985       0.0047952       0.0072432       0.0078312       0.0059314
          0.0041612       0.0060919       0.0044212       0.0041549       0.0067804       0.0067804       0.0056427       0.0082959       0.0091051       0.0068104
          0.0052914       0.0050114       0.0055062       0.0051410       0.0081744       0.0081744       0.0067263       0.0098764       0.0106923       0.0079027
          0.0027623       0.0028348       0.0030426       0.0028918       0.0049521       0.0049521       0.0042031       0.0065759       0.0069691       0.0053248
          0.0039465       0.0050492       0.0042129       0.0039648       0.0065024       0.0065024       0.0054263       0.0077244       0.0087784       0.0065866
          0.0051475       0.0065097       0.0053682       0.0050161       0.0079761       0.0079761       0.0065777       0.0111980       0.0104457       0.0077430
          0.0049884       0.0046642       0.0052162       0.0048783       0.0077863       0.0077863       0.0064297       0.0097759       0.0102301       0.0075942
          0.0068414       0.0062731       0.0069594       0.0064545       0.0099500       0.0099500       0.0081050       0.0126939       0.0126463       0.0092555
          0.0094656       0.0071472       0.0093601       0.0086090       0.0128195       0.0128195       0.0103085       0.0178705       0.0157816       0.0113984
          0.0176697       0.0174962       0.0165464       0.0149920       0.0209452       0.0209452       0.0165040       0.0235883       0.0243479       0.0172568
          0.0227159       0.0218740       0.0208133       0.0187538       0.0255842       0.0255842       0.0200305       0.0268743       0.0291267       0.0205349
          0.0163402       0.0166518       0.0154096       0.0139856       0.0197223       0.0197223       0.0155590       0.0230058       0.0231186       0.0163823
          0.0194098       0.0190621       0.0180344       0.0163028       0.0226045       0.0226045       0.0177486       0.0232731       0.0261355       0.0184295
          0.0251590       0.0233664       0.0228532       0.0205457       0.0277733       0.0277733       0.0216917       0.0304041       0.0314013       0.0220728
          0.0182560       0.0164397       0.0170518       0.0154364       0.0215230       0.0215230       0.0169311       0.0241972       0.0249809       0.0176618
          0.0115599       0.0133685       0.0112383       0.0102836       0.0150300       0.0150300       0.0119855       0.0182563       0.0181982       0.0130185
          0.0072294       0.0092325       0.0073232       0.0067810       0.0104185       0.0104185       0.0084582       0.0116185       0.0131981       0.0096165
          0.0062536       0.0083000       0.0064157       0.0059632       0.0093090       0.0093090       0.0076035       0.0109010       0.0119581       0.0087717
          0.0042371       0.0061175       0.0044973       0.0042239       0.0068845       0.0068845       0.0057228       0.0077665       0.0092153       0.0068873
          0.0055377       0.0094990       0.0057419       0.0053541       0.0084665       0.0084665       0.0069532       0.0097338       0.0110148       0.0081262
          0.0045931       0.0065300       0.0048412       0.0045369       0.0073300       0.0073300       0.0060697       0.0083914       0.0097302       0.0072412
          0.0035557       0.0020260       0.0038326       0.0036169       0.0060170       0.0060170       0.0050429       0.0099779       0.0082198       0.0061961
          0.0041886       0.0022525       0.0044506       0.0041813       0.0068275       0.0068275       0.0056776       0.0111250       0.0091564       0.0068447
          0.0037779       0.0031370       0.0040509       0.0038165       0.0063115       0.0063115       0.0052729       0.0088372       0.0085718       0.0064374
          0.0047593       0.0048785       0.0050007       0.0046819       0.0075290       0.0075290       0.0062256       0.0103870       0.0099464       0.0073934
          0.0047006       0.0047925       0.0049447       0.0046310       0.0074645       0.0074645       0.0061740       0.0104555       0.0098823       0.0073459
