          0.0266586       0.0230000       0.0292481       0.0219019       0.0440000       0.0440000       0.0251587       0.0582500       0.0551108       0.0322707
          0.0296459       0.0260000       0.0324399       0.0239452       0.0480000       0.0480000       0.0273433       0.0617500       0.0594183       0.0352795
          0.0223098       0.0182500       0.0245585       0.0188778       0.0380000       0.0380000       0.0220033       0.0498333       0.0486477       0.0281033
          0.0205730       0.0168500       0.0226698       0.0176490       0.0355000       0.0355000       0.0207348       0.0456667       0.0458753       0.0264371
          0.0211858       0.0152700       0.0233382       0.0180845       0.0364250       0.0364250       0.0211930       0.0455000       0.0470154       0.0271062
          0.0188929       0.0134200       0.0208368       0.0164469       0.0330550       0.0330550       0.0195086       0.0440000       0.0432212       0.0248975
          0.0178353       0.0123350       0.0196765       0.0156811       0.0314000       0.0314000       0.0187081       0.0418125       0.0412102       0.0237842
          0.0180798       0.0140850       0.0199437       0.0158585       0.0317500       0.0317500       0.0188841       0.0416250       0.0415953       0.0240019
          0.0194159       0.0150667       0.0214077       0.0168223       0.0338000       0.0338000       0.0198853       0.0428167       0.0439842       0.0253393
          0.0238549       0.0215000       0.0262290       0.0199599       0.0401250       0.0401250       0.0231140       0.0500833       0.0508857       0.0295096
          0.0203720       0.0196320       0.0224478       0.0175053       0.0351327       0.0351327       0.0205681       0.0437500       0.0454063       0.0261786
          0.0222541       0.0213987       0.0244962       0.0188383       0.0378665       0.0378665       0.0219484       0.0455833       0.0484246       0.0279792
          0.0255897       0.0255200       0.0280993       0.0211644       0.0425200       0.0425200       0.0243746       0.0506833       0.0534906       0.0311975
          0.0267499       0.0287500       0.0293468       0.0219649       0.0441250       0.0441250       0.0252253       0.0516000       0.0552379       0.0323558
          0.0244381       0.0274198       0.0268601       0.0203661       0.0409775       0.0409775       0.0235492       0.0484375       0.0518983       0.0301487
          0.0255002       0.0283750       0.0279989       0.0211018       0.0423333       0.0423333       0.0242933       0.0512500       0.0532287       0.0310425
          0.0239849       0.0241000       0.0263619       0.0200491       0.0402202       0.0402202       0.0231867       0.0490500       0.0509138       0.0295529
          0.0204468       0.0194475       0.0225215       0.0175568       0.0351847       0.0351847       0.0206082       0.0464375       0.0454149       0.0261981
          0.0184838       0.0158000       0.0203781       0.0161485       0.0323000       0.0323000       0.0191682       0.0437000       0.0422189       0.0243643
          0.0198443       0.0173000       0.0218667       0.0171270       0.0343500       0.0343500       0.0201789       0.0457875       0.0445729       0.0256983
          0.0239249       0.0227500       0.0262939       0.0200068       0.0401667       0.0401667       0.0231518       0.0504625       0.0509821       0.0295892
          0.0237423       0.0205250       0.0260963       0.0198791       0.0399250       0.0399250       0.0230226       0.0509250       0.0507206       0.0294218
          0.0219430       0.0180000       0.0241440       0.0186160       0.0373333       0.0373333       0.0216998       0.0482100       0.0478391       0.0276482
          0.0170630       0.0124750       0.0188164       0.0151145       0.0301500       0.0301500       0.0181132       0.0413125       0.0398521       0.0230585
          0.0137367       0.0100500       0.0151536       0.0126422       0.0249500       0.0249500       0.0155976       0.0357714       0.0338569       0.0199166
          0.0166117       0.0136375       0.0183176       0.0147828       0.0294167       0.0294167       0.0177644       0.0412357       0.0389818       0.0225964
          0.0179591       0.0145833       0.0197934       0.0157657       0.0314375       0.0314375       0.0187601       0.0424357       0.0412558       0.0238438
          0.0147932       0.0115875       0.0163164       0.0134356       0.0266000       0.0266000       0.0163968       0.0374500       0.0357749       0.0209025
          0.0159595       0.0134358       0.0176004       0.0143023       0.0284250       0.0284250       0.0172793       0.0399875       0.0378977       0.0220153
          0.0165971       0.0146130       0.0182999       0.0147715       0.0294057       0.0294057       0.0177568       0.0413667       0.0390306       0.0226219
          0.0158918       0.0133096       0.0175221       0.0142509       0.0282885       0.0282885       0.0172194       0.0402700       0.0376989       0.0219157
          0.0124601       0.0078008       0.0137383       0.0116672       0.0228680       0.0228680       0.0146018       0.0342214       0.0314089       0.0186976
          0.0129248       0.0094208       0.0142500       0.0120224       0.0235938       0.0235938       0.0149547       0.0347857       0.0322392       0.0191123
          0.0094701       0.0060667       0.0104228       0.0093179       0.0178375       0.0178375       0.0121889       0.0279500       0.0252725       0.0157566
          0.0089108       0.0059000       0.0098021       0.0088657       0.0168750       0.0168750       0.0117225       0.0268625       0.0240893       0.0152061
          0.0073223       0.0040625       0.0080386       0.0075536       0.0140875       0.0140875       0.0103562       0.0231375       0.0205898       0.0136013
          0.0056959       0.0043500       0.0062328       0.0061571       0.0111333       0.0111333       0.0088671       0.0192500       0.0167438       0.0118602
          0.0060261       0.0052500       0.0065988       0.0064453       0.0117333       0.0117333       0.0091745       0.0190100       0.0175207       0.0122093
          0.0056784       0.0053583       0.0062127       0.0061411       0.0110875       0.0110875       0.0088435       0.0179500       0.0166528       0.0118149
          0.0065928       0.0061458       0.0072272       0.0069339       0.0127563       0.0127563       0.0096927       0.0205929       0.0188257       0.0127964
          0.0076181       0.0081333       0.0083646       0.0077998       0.0145833       0.0145833       0.0106030       0.0234688       0.0211571       0.0138555
          0.0058224       0.0058500       0.0063714       0.0062665       0.0113417       0.0113417       0.0089741       0.0188200       0.0169731       0.0119571
          0.0055325       0.0053563       0.0060503       0.0060121       0.0108167       0.0108167       0.0087034       0.0178000       0.0162904       0.0116504
          0.0052401       0.0050000       0.0057264       0.0057530       0.0102833       0.0102833       0.0084261       0.0171429       0.0155965       0.0113394
          0.0038995       0.0037665       0.0042420       0.0045276       0.0077500       0.0077500       0.0070625       0.0137100       0.0121521       0.0097713
          0.0038144       0.0036438       0.0041478       0.0044475       0.0075875       0.0075875       0.0069720       0.0131271       0.0119246       0.0096666
          0.0035426       0.0033221       0.0038476       0.0041894       0.0070655       0.0070655       0.0066773       0.0121827       0.0111979       0.0093314
          0.0035750       0.0031556       0.0038832       0.0042201       0.0071209       0.0071209       0.0067078       0.0121643       0.0112647       0.0093582
          0.0033853       0.0028625       0.0036736       0.0040381       0.0067500       0.0067500       0.0064947       0.0121806       0.0107360       0.0091092
          0.0037916       0.0032660       0.0041227       0.0044260       0.0075458       0.0075458       0.0069489       0.0120833       0.0118689       0.0096418
          0.0032213       0.0028075       0.0034930       0.0038796       0.0064400       0.0064400       0.0063162       0.0108500       0.0102985       0.0089075
          0.0030670       0.0030939       0.0033228       0.0037287       0.0061375       0.0061375       0.0061379       0.0102192       0.0098689       0.0087046
          0.0034728       0.0033551       0.0037703       0.0041222       0.0069175       0.0069175       0.0065907       0.0110357       0.0109693       0.0092171
          0.0075632       0.0072228       0.0083044       0.0077544       0.0144933       0.0144933       0.0105582       0.0211067       0.0210471       0.0138058
          0.0067309       0.0075000       0.0073809       0.0070521       0.0130250       0.0130250       0.0098268       0.0182500       0.0191879       0.0129629
          0.0049196       0.0056985       0.0053728       0.0054672       0.0097000       0.0097000       0.0081204       0.0142822       0.0148351       0.0109997
          0.0048549       0.0055320       0.0053014       0.0054091       0.0095835       0.0095835       0.0080591       0.0132818       0.0146699       0.0109248
          0.0064525       0.0132103       0.0070742       0.0068155       0.0125431       0.0125431       0.0095844       0.0159678       0.0185996       0.0127002
          0.0056227       0.0090000       0.0061553       0.0060959       0.0110556       0.0110556       0.0088282       0.0152497       0.0166882       0.0118457
          0.0067823       0.0098935       0.0074429       0.0070995       0.0131840       0.0131840       0.0099045       0.0209926       0.0194702       0.0130985
          0.0096403       0.0170518       0.0106224       0.0094604       0.0182559       0.0182559       0.0123774       0.0241066       0.0259101       0.0160509
          0.0095909       0.0095660       0.0105696       0.0094218       0.0182005       0.0182005       0.0123476       0.0242658       0.0258404       0.0160177
          0.0073075       0.0082282       0.0080325       0.0075482       0.0141842       0.0141842       0.0103984       0.0195561       0.0208202       0.0137147
          0.0086027       0.0098504       0.0094706       0.0086209       0.0164365       0.0164365       0.0115015       0.0223878       0.0236350       0.0149964
          0.0107534       0.0116040       0.0118567       0.0103442       0.0200965       0.0200965       0.0132666       0.0261647       0.0280888       0.0170814
          0.0086939       0.0097512       0.0095697       0.0086941       0.0165774       0.0165774       0.0115714       0.0224665       0.0237630       0.0150548
          0.0095127       0.0100768       0.0104792       0.0093571       0.0180000       0.0180000       0.0122582       0.0240599       0.0255252       0.0158724
          0.0114333       0.0131692       0.0126105       0.0108768       0.0212607       0.0212607       0.0138200       0.0284939       0.0295134       0.0177632
          0.0312260       0.0500000       0.0341052       0.0250159       0.0500000       0.0500000       0.0284878       0.0475178       0.0614982       0.0368252
          0.0242850       0.0385346       0.0266907       0.0202588       0.0407855       0.0407855       0.0234441       0.0416149       0.0517028       0.0300138
          0.0232633       0.0401667       0.0255914       0.0195468       0.0394167       0.0394167       0.0227158       0.0389563       0.0503195       0.0291289
          0.0250563       0.0397053       0.0275365       0.0207971       0.0419357       0.0419357       0.0240253       0.0380763       0.0531544       0.0309415
          0.0272103       0.0444188       0.0298487       0.0222824       0.0448325       0.0448325       0.0255829       0.0446290       0.0561883       0.0329903
          0.0213619       0.0362683       0.0235322       0.0182097       0.0366936       0.0366936       0.0213250       0.0378603       0.0473154       0.0272875
          0.0158944       0.0287420       0.0175501       0.0142610       0.0285366       0.0285366       0.0172905       0.0294818       0.0381949       0.0221378
          0.0114621       0.0196355       0.0126522       0.0109037       0.0213863       0.0213863       0.0138693       0.0228720       0.0297419       0.0178687
          0.0111753       0.0197067       0.0123343       0.0106799       0.0209043       0.0209043       0.0136398       0.0215564       0.0291205       0.0175673
          0.0082931       0.0139748       0.0091320       0.0083704       0.0159387       0.0159387       0.0112567       0.0179189       0.0229983       0.0147032
          0.0086817       0.0142673       0.0095645       0.0086891       0.0166199       0.0166199       0.0115870       0.0188454       0.0238640       0.0151007
          0.0078133       0.0125599       0.0085990       0.0079738       0.0150962       0.0150962       0.0108458       0.0180027       0.0219498       0.0142257
          0.0079513       0.0126422       0.0087527       0.0080886       0.0153435       0.0153435       0.0109664       0.0179176       0.0222735       0.0143737
          0.0081505       0.0084363       0.0089742       0.0082532       0.0156979       0.0156979       0.0111388       0.0190256       0.0227143       0.0145746
          0.0071800       0.0084363       0.0078952       0.0074439       0.0139814       0.0139814       0.0102978       0.0173067       0.0205652       0.0136010
          0.0069280       0.0100338       0.0076140       0.0072300       0.0134933       0.0134933       0.0100580       0.0181562       0.0198756       0.0132840
          0.0084638       0.0070116       0.0093231       0.0085112       0.0162541       0.0162541       0.0114085       0.0186485       0.0234048       0.0148899
