writing to logs/trust-constr/Brazil/2021_7_19_14_43
| niter |f evals|CG iter|  obj func   |tr radius |   opt    |  c viol  |
|-------|-------|-------|-------------|----------|----------|----------|
|   1   |   8   |   0   | -4.4019e+02 | 1.00e+00 | 8.72e+02 | 0.00e+00 |
|   2   |  16   |   1   | -4.4019e+02 | 5.00e-01 | 8.72e+02 | 0.00e+00 |
|   3   |  24   |   2   | -4.4019e+02 | 2.50e-01 | 8.72e+02 | 0.00e+00 |
|   4   |  32   |   3   | -4.4019e+02 | 1.25e-01 | 8.72e+02 | 0.00e+00 |
|   5   |  40   |   4   | -4.4019e+02 | 6.25e-02 | 8.72e+02 | 0.00e+00 |
|   6   |  48   |   5   | -4.5045e+02 | 6.25e-02 | 2.34e+02 | 0.00e+00 |
|   7   |  56   |   6   | -4.5045e+02 | 3.12e-02 | 2.34e+02 | 0.00e+00 |
|   8   |  64   |   8   | -4.5777e+02 | 2.19e-01 | 1.65e+02 | 0.00e+00 |
|   9   |  72   |  12   | -4.5989e+02 | 3.59e-01 | 1.47e+02 | 0.00e+00 |
|  10   |  80   |  15   | -4.5989e+02 | 3.59e-02 | 1.47e+02 | 0.00e+00 |
|  11   |  88   |  17   | -4.5989e+02 | 1.80e-02 | 1.47e+02 | 0.00e+00 |
|  12   |  96   |  19   | -4.6164e+02 | 3.59e-02 | 1.42e+02 | 0.00e+00 |
|  13   |  104  |  21   | -4.6164e+02 | 1.80e-02 | 1.42e+02 | 0.00e+00 |
|  14   |  112  |  23   | -4.6164e+02 | 7.83e-03 | 1.42e+02 | 0.00e+00 |
|  15   |  120  |  25   | -4.6213e+02 | 1.57e-02 | 1.41e+02 | 0.00e+00 |
|  16   |  128  |  27   | -4.6213e+02 | 6.39e-03 | 1.41e+02 | 0.00e+00 |
|  17   |  136  |  29   | -4.6277e+02 | 1.28e-02 | 1.39e+02 | 0.00e+00 |
|  18   |  144  |  31   | -4.6277e+02 | 4.28e-03 | 1.39e+02 | 0.00e+00 |
|  19   |  152  |  33   | -4.6277e+02 | 5.04e-04 | 1.39e+02 | 0.00e+00 |
|  20   |  160  |  35   | -4.6283e+02 | 3.53e-03 | 1.39e+02 | 0.00e+00 |
|  21   |  168  |  37   | -4.6283e+02 | 3.53e-04 | 1.39e+02 | 0.00e+00 |
|  22   |  176  |  39   | -4.6287e+02 | 2.47e-03 | 1.39e+02 | 0.00e+00 |
|  23   |  184  |  41   | -4.6287e+02 | 2.47e-04 | 1.39e+02 | 0.00e+00 |
|  24   |  192  |  43   | -4.6290e+02 | 1.73e-03 | 1.39e+02 | 0.00e+00 |
|  25   |  200  |  45   | -4.6301e+02 | 3.46e-03 | 1.39e+02 | 0.00e+00 |
|  26   |  208  |  47   | -4.6301e+02 | 3.46e-04 | 1.39e+02 | 0.00e+00 |
|  27   |  216  |  49   | -4.6301e+02 | 3.46e-05 | 1.39e+02 | 0.00e+00 |
|  28   |  224  |  51   | -4.6301e+02 | 3.46e-06 | 1.39e+02 | 0.00e+00 |
|  29   |  232  |  52   | -4.6301e+02 | 2.42e-05 | 1.39e+02 | 0.00e+00 |
|  30   |  240  |  54   | -4.6301e+02 | 2.42e-06 | 1.39e+02 | 0.00e+00 |
|  31   |  248  |  55   | -4.6301e+02 | 1.69e-05 | 1.39e+02 | 0.00e+00 |
|  32   |  256  |  57   | -4.6301e+02 | 1.19e-04 | 1.39e+02 | 0.00e+00 |
|  33   |  264  |  59   | -4.6301e+02 | 1.19e-05 | 1.39e+02 | 0.00e+00 |
|  34   |  272  |  61   | -4.6301e+02 | 1.19e-06 | 1.39e+02 | 0.00e+00 |
|  35   |  280  |  62   | -4.6301e+02 | 8.30e-06 | 1.39e+02 | 0.00e+00 |
|  36   |  288  |  64   | -4.6301e+02 | 8.30e-07 | 1.39e+02 | 0.00e+00 |
|  37   |  296  |  65   | -4.6301e+02 | 5.81e-06 | 1.39e+02 | 0.00e+00 |
|  38   |  304  |  67   | -4.6301e+02 | 5.81e-07 | 1.39e+02 | 0.00e+00 |
|  39   |  312  |  68   | -4.6301e+02 | 4.07e-06 | 1.39e+02 | 0.00e+00 |
|  40   |  320  |  70   | -4.6301e+02 | 4.07e-07 | 1.39e+02 | 0.00e+00 |
|  41   |  328  |  71   | -4.6301e+02 | 2.85e-06 | 1.39e+02 | 0.00e+00 |
|  42   |  336  |  72   | -4.6301e+02 | 1.99e-05 | 1.39e+02 | 0.00e+00 |
|  43   |  344  |  73   | -4.6301e+02 | 1.99e-06 | 1.39e+02 | 0.00e+00 |
|  44   |  352  |  74   | -4.6301e+02 | 1.99e-07 | 1.39e+02 | 0.00e+00 |
|  45   |  360  |  75   | -4.6301e+02 | 1.99e-08 | 1.39e+02 | 0.00e+00 |
|  46   |  368  |  76   | -4.6301e+02 | 1.39e-07 | 1.39e+02 | 0.00e+00 |
|  47   |  376  |  77   | -4.6301e+02 | 1.39e-08 | 1.39e+02 | 0.00e+00 |
|  48   |  384  |  78   | -4.6301e+02 | 9.76e-08 | 1.39e+02 | 0.00e+00 |
|  49   |  392  |  79   | -4.6301e+02 | 9.76e-09 | 1.39e+02 | 0.00e+00 |
|  50   |  400  |  79   | -4.6301e+02 | 1.00e+00 | 1.39e+02 | 0.00e+00 |
|  51   |  408  |  85   | -4.6301e+02 | 4.04e-01 | 1.39e+02 | 0.00e+00 |
|  52   |  416  |  88   | -4.6301e+02 | 1.12e-01 | 1.39e+02 | 0.00e+00 |
|  53   |  424  |  90   | -4.6301e+02 | 5.62e-02 | 1.39e+02 | 0.00e+00 |
|  54   |  432  |  92   | -4.6301e+02 | 2.57e-02 | 1.39e+02 | 0.00e+00 |
|  55   |  440  |  94   | -4.6301e+02 | 1.28e-02 | 1.39e+02 | 0.00e+00 |
|  56   |  448  |  96   | -4.6301e+02 | 3.77e-03 | 1.39e+02 | 0.00e+00 |
|  57   |  456  |  97   | -4.6301e+02 | 4.70e-04 | 1.39e+02 | 0.00e+00 |
|  58   |  464  |  98   | -4.6301e+02 | 4.70e-05 | 1.39e+02 | 0.00e+00 |
|  59   |  472  |  99   | -4.6301e+02 | 4.70e-06 | 1.39e+02 | 0.00e+00 |
|  60   |  480  |  100  | -4.6301e+02 | 4.70e-07 | 1.39e+02 | 0.00e+00 |
|  61   |  488  |  101  | -4.6301e+02 | 4.70e-08 | 1.39e+02 | 0.00e+00 |
|  62   |  496  |  102  | -4.6301e+02 | 3.29e-07 | 1.89e+08 | 0.00e+00 |
|  63   |  504  |  103  | -4.6301e+02 | 1.65e-07 | 1.89e+08 | 0.00e+00 |
|  64   |  512  |  104  | -4.6301e+02 | 8.23e-08 | 1.89e+08 | 0.00e+00 |
|  65   |  520  |  105  | -4.6301e+02 | 4.12e-08 | 1.89e+08 | 0.00e+00 |
|  66   |  528  |  106  | -4.6301e+02 | 2.06e-08 | 1.89e+08 | 0.00e+00 |
|  67   |  536  |  107  | -4.6301e+02 | 1.03e-08 | 1.89e+08 | 0.00e+00 |
|  68   |  544  |  108  | -4.6301e+02 | 5.14e-09 | 1.89e+08 | 0.00e+00 |
|  69   |  552  |  108  | -4.6301e+02 | 1.00e+00 | 1.89e+08 | 0.00e+00 |
|  70   |  560  |  109  | -4.6247e+02 | 5.60e+00 | 1.25e+02 | 0.00e+00 |
|  71   |  568  |  110  | -4.5167e+02 | 7.35e+00 | 1.39e+02 | 0.00e+00 |
|  72   |  576  |  111  | -4.4505e+02 | 7.35e+00 | 7.28e+01 | 0.00e+00 |
|  73   |  584  |  112  | -4.4419e+02 | 7.35e+00 | 6.87e+01 | 0.00e+00 |
|  74   |  592  |  113  | -4.4404e+02 | 7.35e+00 | 6.72e+01 | 0.00e+00 |
|  75   |  600  |  114  | -4.4398e+02 | 7.35e+00 | 6.64e+01 | 0.00e+00 |
|  76   |  608  |  121  | -4.5563e+02 | 7.35e+00 | 8.54e+01 | 0.00e+00 |
|  77   |  616  |  128  | -4.5970e+02 | 7.35e+00 | 8.99e+01 | 0.00e+00 |
|  78   |  624  |  135  | -4.6247e+02 | 7.35e+00 | 9.29e+01 | 0.00e+00 |
|  79   |  640  |  142  | -4.6247e+02 | 7.35e-01 | 9.29e+01 | 0.00e+00 |
|  80   |  656  |  149  | -4.6247e+02 | 2.62e-01 | 9.29e+01 | 0.00e+00 |
|  81   |  672  |  156  | -4.6247e+02 | 1.31e-01 | 9.29e+01 | 0.00e+00 |
|  82   |  688  |  160  | -4.6247e+02 | 6.55e-02 | 9.29e+01 | 0.00e+00 |
|  83   |  704  |  164  | -4.6247e+02 | 3.01e-02 | 9.29e+01 | 0.00e+00 |
|  84   |  720  |  167  | -4.6247e+02 | 1.35e-02 | 9.29e+01 | 0.00e+00 |
|  85   |  728  |  169  | -4.6340e+02 | 2.71e-02 | 9.08e+01 | 0.00e+00 |
|  86   |  744  |  171  | -4.6340e+02 | 5.19e-03 | 9.08e+01 | 0.00e+00 |
|  87   |  760  |  173  | -4.6340e+02 | 5.82e-04 | 9.08e+01 | 0.00e+00 |
|  88   |  768  |  175  | -4.6340e+02 | 5.82e-05 | 9.08e+01 | 0.00e+00 |
|  89   |  776  |  177  | -4.6341e+02 | 4.07e-04 | 9.08e+01 | 0.00e+00 |
|  90   |  792  |  179  | -4.6341e+02 | 4.07e-05 | 9.08e+01 | 0.00e+00 |
|  91   |  808  |  181  | -4.6341e+02 | 8.20e-06 | 9.08e+01 | 0.00e+00 |
|  92   |  816  |  183  | -4.6341e+02 | 5.74e-05 | 9.08e+01 | 0.00e+00 |
|  93   |  824  |  185  | -4.6341e+02 | 1.63e-05 | 9.08e+01 | 0.00e+00 |
|  94   |  840  |  187  | -4.6341e+02 | 1.63e-06 | 9.08e+01 | 0.00e+00 |
|  95   |  848  |  189  | -4.6341e+02 | 1.14e-05 | 9.08e+01 | 0.00e+00 |
|  96   |  864  |  191  | -4.6341e+02 | 1.14e-06 | 9.08e+01 | 0.00e+00 |
|  97   |  872  |  193  | -4.6341e+02 | 7.98e-06 | 9.07e+01 | 0.00e+00 |
|  98   |  888  |  195  | -4.6341e+02 | 7.98e-07 | 9.07e+01 | 0.00e+00 |
|  99   |  896  |  197  | -4.6341e+02 | 5.59e-06 | 9.07e+01 | 0.00e+00 |
|  100  |  904  |  199  | -4.6341e+02 | 3.91e-05 | 9.08e+01 | 0.00e+00 |
|  101  |  920  |  201  | -4.6341e+02 | 7.70e-06 | 9.08e+01 | 0.00e+00 |
|  102  |  936  |  203  | -4.6341e+02 | 7.70e-07 | 9.08e+01 | 0.00e+00 |
|  103  |  944  |  205  | -4.6341e+02 | 5.39e-06 | 9.07e+01 | 0.00e+00 |
|  104  |  960  |  207  | -4.6341e+02 | 5.39e-07 | 9.07e+01 | 0.00e+00 |
|  105  |  968  |  209  | -4.6341e+02 | 3.77e-06 | 9.07e+01 | 0.00e+00 |
|  106  |  984  |  211  | -4.6341e+02 | 3.77e-07 | 9.07e+01 | 0.00e+00 |
|  107  |  992  |  213  | -4.6341e+02 | 2.64e-06 | 9.07e+01 | 0.00e+00 |
|  108  | 1008  |  215  | -4.6341e+02 | 2.64e-07 | 9.07e+01 | 0.00e+00 |
