writing to logs/trust-constr/Mexico/2021_7_19_14_43
| niter |f evals|CG iter|  obj func   |tr radius |   opt    |  c viol  |
|-------|-------|-------|-------------|----------|----------|----------|
|   1   |   8   |   0   | -5.7217e+02 | 1.00e+00 | 8.37e+02 | 0.00e+00 |
|   2   |  16   |   1   | -5.7217e+02 | 1.00e-01 | 8.37e+02 | 0.00e+00 |
|   3   |  24   |   8   | -5.7217e+02 | 5.60e-01 | 8.36e+02 | 0.00e+00 |
|   4   |  32   |  15   | -5.7217e+02 | 3.14e+00 | 8.30e+02 | 0.00e+00 |
|   5   |  40   |  22   | -5.7217e+02 | 8.00e+00 | 2.79e+02 | 0.00e+00 |
|   6   |  48   |  28   | -5.7215e+02 | 8.00e+00 | 1.93e+02 | 0.00e+00 |
|   7   |  56   |  34   | -5.7215e+02 | 8.00e+00 | 1.83e+02 | 0.00e+00 |
|   8   |  64   |  40   | -5.7215e+02 | 8.00e+00 | 1.77e+02 | 0.00e+00 |
|   9   |  72   |  46   | -5.7215e+02 | 8.00e+00 | 1.74e+02 | 0.00e+00 |
|  10   |  80   |  52   | -5.7215e+02 | 8.00e+00 | 1.74e+02 | 0.00e+00 |
|  11   |  96   |  59   | -5.7215e+02 | 8.00e-01 | 1.74e+02 | 0.00e+00 |
|  12   |  104  |  66   | -5.7295e+02 | 8.00e-01 | 1.74e+02 | 0.00e+00 |
|  13   |  112  |  73   | -5.7374e+02 | 8.00e-01 | 1.73e+02 | 0.00e+00 |
|  14   |  120  |  80   | -5.7451e+02 | 8.00e-01 | 1.73e+02 | 0.00e+00 |
|  15   |  128  |  87   | -5.7531e+02 | 8.00e-01 | 1.72e+02 | 0.00e+00 |
|  16   |  136  |  94   | -6.1077e+02 | 1.60e+00 | 1.15e+02 | 0.00e+00 |
|  17   |  144  |  101  | -6.1077e+02 | 1.60e-01 | 1.15e+02 | 0.00e+00 |
|  18   |  152  |  108  | -6.1078e+02 | 1.60e-01 | 1.14e+02 | 0.00e+00 |
|  19   |  160  |  114  | -6.1078e+02 | 1.60e-01 | 1.14e+02 | 0.00e+00 |
|  20   |  168  |  120  | -6.1078e+02 | 1.60e-01 | 1.14e+02 | 0.00e+00 |
|  21   |  176  |  126  | -6.1078e+02 | 1.60e-01 | 1.14e+02 | 0.00e+00 |
|  22   |  184  |  132  | -6.1079e+02 | 1.60e-01 | 1.14e+02 | 0.00e+00 |
|  23   |  192  |  138  | -6.1159e+02 | 2.79e-01 | 1.11e+02 | 0.00e+00 |
|  24   |  200  |  144  | -6.1166e+02 | 2.79e-01 | 1.14e+02 | 0.00e+00 |
|  25   |  216  |  150  | -6.1166e+02 | 2.79e-02 | 1.14e+02 | 0.00e+00 |
|  26   |  224  |  156  | -6.1166e+02 | 2.79e-03 | 1.14e+02 | 0.00e+00 |
|  27   |  240  |  162  | -6.1166e+02 | 2.79e-04 | 1.14e+02 | 0.00e+00 |
|  28   |  248  |  168  | -6.1166e+02 | 1.96e-03 | 1.15e+02 | 0.00e+00 |
|  29   |  264  |  174  | -6.1166e+02 | 1.96e-04 | 1.15e+02 | 0.00e+00 |
|  30   |  272  |  180  | -6.1166e+02 | 1.37e-03 | 1.14e+02 | 0.00e+00 |
|  31   |  280  |  186  | -6.1168e+02 | 9.58e-03 | 1.15e+02 | 0.00e+00 |
|  32   |  288  |  192  | -6.1176e+02 | 6.71e-02 | 1.14e+02 | 0.00e+00 |
|  33   |  296  |  199  | -6.1206e+02 | 4.54e-01 | 1.13e+02 | 0.00e+00 |
|  34   |  304  |  204  | -6.1206e+02 | 4.54e-01 | 1.13e+02 | 0.00e+00 |
|  35   |  312  |  209  | -6.1206e+02 | 4.54e-01 | 1.13e+02 | 0.00e+00 |
|  36   |  320  |  214  | -6.1206e+02 | 4.54e-01 | 1.13e+02 | 0.00e+00 |
|  37   |  328  |  221  | -6.1213e+02 | 4.54e-01 | 1.13e+02 | 0.00e+00 |
|  38   |  344  |  228  | -6.1213e+02 | 2.27e-01 | 1.13e+02 | 0.00e+00 |
|  39   |  360  |  233  | -6.1213e+02 | 1.14e-01 | 1.13e+02 | 0.00e+00 |
|  40   |  368  |  238  | -6.1318e+02 | 1.14e-01 | 8.33e+01 | 0.00e+00 |
|  41   |  384  |  243  | -6.1318e+02 | 4.24e-02 | 8.33e+01 | 0.00e+00 |
|  42   |  400  |  248  | -6.1318e+02 | 1.36e-02 | 8.33e+01 | 0.00e+00 |
|  43   |  408  |  253  | -6.1347e+02 | 1.36e-02 | 8.13e+01 | 0.00e+00 |
|  44   |  424  |  258  | -6.1347e+02 | 3.63e-03 | 8.13e+01 | 0.00e+00 |
|  45   |  432  |  263  | -6.1370e+02 | 7.27e-03 | 8.08e+01 | 0.00e+00 |
|  46   |  448  |  268  | -6.1370e+02 | 1.13e-03 | 8.08e+01 | 0.00e+00 |
|  47   |  456  |  273  | -6.1370e+02 | 1.13e-04 | 8.08e+01 | 0.00e+00 |
|  48   |  464  |  278  | -6.1371e+02 | 7.92e-04 | 8.04e+01 | 0.00e+00 |
|  49   |  472  |  283  | -6.1371e+02 | 7.92e-05 | 8.04e+01 | 0.00e+00 |
|  50   |  480  |  288  | -6.1372e+02 | 5.54e-04 | 8.04e+01 | 0.00e+00 |
|  51   |  488  |  293  | -6.1372e+02 | 5.54e-05 | 8.04e+01 | 0.00e+00 |
|  52   |  496  |  298  | -6.1373e+02 | 3.88e-04 | 8.07e+01 | 0.00e+00 |
|  53   |  512  |  303  | -6.1373e+02 | 3.88e-05 | 8.07e+01 | 0.00e+00 |
|  54   |  520  |  308  | -6.1373e+02 | 2.72e-04 | 8.07e+01 | 0.00e+00 |
|  55   |  536  |  313  | -6.1373e+02 | 2.72e-05 | 8.07e+01 | 0.00e+00 |
|  56   |  552  |  318  | -6.1373e+02 | 3.33e-06 | 8.07e+01 | 0.00e+00 |
|  57   |  560  |  323  | -6.1373e+02 | 2.33e-05 | 8.06e+01 | 0.00e+00 |
|  58   |  568  |  328  | -6.1373e+02 | 2.44e-06 | 8.06e+01 | 0.00e+00 |
|  59   |  576  |  333  | -6.1373e+02 | 1.71e-05 | 8.05e+01 | 0.00e+00 |
|  60   |  592  |  338  | -6.1373e+02 | 1.71e-06 | 8.05e+01 | 0.00e+00 |
|  61   |  600  |  343  | -6.1373e+02 | 1.20e-05 | 8.05e+01 | 0.00e+00 |
|  62   |  616  |  348  | -6.1373e+02 | 1.20e-06 | 8.05e+01 | 0.00e+00 |
|  63   |  624  |  353  | -6.1373e+02 | 8.38e-06 | 8.07e+01 | 0.00e+00 |
|  64   |  640  |  358  | -6.1373e+02 | 8.38e-07 | 8.07e+01 | 0.00e+00 |
|  65   |  656  |  363  | -6.1373e+02 | 8.38e-08 | 8.07e+01 | 0.00e+00 |
|  66   |  664  |  368  | -6.1373e+02 | 5.86e-07 | 8.09e+01 | 0.00e+00 |
|  67   |  672  |  373  | -6.1373e+02 | 4.11e-06 | 8.07e+01 | 0.00e+00 |
|  68   |  688  |  378  | -6.1373e+02 | 4.11e-07 | 8.07e+01 | 0.00e+00 |
|  69   |  704  |  383  | -6.1373e+02 | 4.11e-08 | 8.07e+01 | 0.00e+00 |
|  70   |  712  |  388  | -6.1373e+02 | 2.87e-07 | 8.10e+01 | 0.00e+00 |
|  71   |  728  |  393  | -6.1373e+02 | 2.87e-08 | 8.10e+01 | 0.00e+00 |
|  72   |  736  |  398  | -6.1373e+02 | 2.01e-07 | 8.07e+01 | 0.00e+00 |
|  73   |  752  |  403  | -6.1373e+02 | 2.01e-08 | 8.07e+01 | 0.00e+00 |
|  74   |  760  |  408  | -6.1373e+02 | 1.41e-07 | 8.07e+01 | 0.00e+00 |
|  75   |  776  |  413  | -6.1373e+02 | 1.41e-08 | 8.07e+01 | 0.00e+00 |
|  76   |  784  |  417  | -6.1373e+02 | 9.86e-08 | 8.04e+01 | 0.00e+00 |
|  77   |  800  |  422  | -6.1373e+02 | 9.86e-09 | 8.04e+01 | 0.00e+00 |
|  78   |  808  |  422  | -6.1373e+02 | 1.00e+00 | 8.04e+01 | 0.00e+00 |
|  79   |  824  |  429  | -6.1373e+02 | 1.00e-01 | 8.04e+01 | 0.00e+00 |
|  80   |  840  |  436  | -6.1373e+02 | 1.00e-02 | 8.04e+01 | 0.00e+00 |
|  81   |  848  |  443  | -6.1373e+02 | 1.00e-03 | 8.04e+01 | 0.00e+00 |
|  82   |  848  |  450  | -6.1373e+02 | 1.00e-04 | 8.04e+01 | 0.00e+00 |
|  83   |  864  |  455  | -6.1373e+02 | 1.64e-05 | 8.04e+01 | 0.00e+00 |
|  84   |  880  |  460  | -6.1373e+02 | 1.64e-06 | 8.04e+01 | 0.00e+00 |
|  85   |  888  |  465  | -6.1373e+02 | 1.64e-07 | 8.04e+01 | 0.00e+00 |
|  86   |  904  |  470  | -6.1373e+02 | 1.64e-08 | 8.04e+01 | 0.00e+00 |
|  87   |  912  |  475  | -6.1373e+02 | 1.15e-07 | 8.07e+01 | 0.00e+00 |
|  88   |  928  |  480  | -6.1373e+02 | 1.15e-08 | 8.07e+01 | 0.00e+00 |
|  89   |  936  |  485  | -6.1373e+02 | 8.06e-08 | 8.07e+01 | 0.00e+00 |
|  90   |  944  |  490  | -6.1373e+02 | 8.06e-09 | 8.07e+01 | 0.00e+00 |
|  91   |  952  |  490  | -6.1373e+02 | 1.00e+00 | 8.07e+01 | 0.00e+00 |
|  92   |  968  |  497  | -6.1373e+02 | 1.00e-01 | 8.07e+01 | 0.00e+00 |
|  93   |  976  |  504  | -6.1399e+02 | 1.00e-01 | 8.09e+01 | 0.00e+00 |
|  94   |  984  |  511  | -6.1424e+02 | 1.00e-01 | 8.11e+01 | 0.00e+00 |
|  95   |  992  |  516  | -6.1574e+02 | 7.00e-01 | 8.31e+01 | 0.00e+00 |
|  96   | 1000  |  523  | -6.1581e+02 | 7.00e-01 | 8.37e+01 | 0.00e+00 |
|  97   | 1008  |  530  | -6.1655e+02 | 7.00e-01 | 8.55e+01 | 0.00e+00 |
|  98   | 1016  |  537  | -6.1658e+02 | 7.00e-01 | 8.56e+01 | 0.00e+00 |
|  99   | 1024  |  544  | -6.1782e+02 | 1.16e+00 | 8.38e+01 | 0.00e+00 |
|  100  | 1032  |  551  | -6.1832e+02 | 1.16e+00 | 8.46e+01 | 0.00e+00 |
|  101  | 1040  |  558  | -6.1885e+02 | 1.16e+00 | 8.78e+01 | 0.00e+00 |
|  102  | 1048  |  565  | -6.1919e+02 | 1.16e+00 | 8.49e+01 | 0.00e+00 |
|  103  | 1056  |  572  | -6.2040e+02 | 1.16e+00 | 8.95e+01 | 0.00e+00 |
|  104  | 1064  |  579  | -6.2071e+02 | 1.16e+00 | 8.65e+01 | 0.00e+00 |
|  105  | 1072  |  586  | -6.2220e+02 | 1.34e+00 | 9.35e+01 | 0.00e+00 |
|  106  | 1080  |  593  | -6.2258e+02 | 1.34e+00 | 8.97e+01 | 0.00e+00 |
|  107  | 1088  |  600  | -6.2584e+02 | 2.70e+00 | 9.81e+01 | 0.00e+00 |
|  108  | 1096  |  607  | -6.2602e+02 | 2.70e+00 | 9.45e+01 | 0.00e+00 |
