          0.0700255       0.0848333       0.1210157       0.0291820       0.1511667       0.1511667       0.0201506       0.1550833       0.1584560       0.1682635
          0.0445653       0.0688333       0.0823207       0.0211155       0.1270833       0.1270833       0.0144923       0.1383333       0.1406184       0.0227426
          0.0257907       0.0475000       0.0415593       0.0143860       0.0840833       0.0840833       0.0110311       0.0976667       0.1020555       0.0103300
          0.0253310       0.0360000       0.0404822       0.0142073       0.0825000       0.0825000       0.0109384       0.0945000       0.1004325       0.0102169
          0.0229526       0.0336667       0.0349355       0.0132688       0.0740000       0.0740000       0.0104433       0.0885833       0.0918839       0.0096540
          0.0225695       0.0288333       0.0340473       0.0131149       0.0725000       0.0725000       0.0103640       0.0866667       0.0902269       0.0095760
          0.0207655       0.0256549       0.0298923       0.0123827       0.0651131       0.0651131       0.0099897       0.0770848       0.0820761       0.0092223
          0.0204164       0.0219923       0.0290945       0.0122395       0.0636258       0.0636258       0.0099167       0.0765005       0.0804416       0.0091562
          0.0168660       0.0144938       0.0212849       0.0107342       0.0481943       0.0481943       0.0090981       0.0634707       0.0629982       0.0084664
          0.0142002       0.0087451       0.0158705       0.0095456       0.0357044       0.0357044       0.0084468       0.0505815       0.0478034       0.0079751
          0.0127899       0.0108282       0.0132260       0.0088918       0.0291097       0.0291097       0.0080800       0.0403919       0.0394578       0.0077073
          0.0148991       0.0188261       0.0172399       0.0098631       0.0389725       0.0389725       0.0086238       0.0492894       0.0518532       0.0081068
          0.0169845       0.0209924       0.0215346       0.0107859       0.0486368       0.0486368       0.0091313       0.0601193       0.0634751       0.0084956
          0.0163944       0.0184947       0.0202935       0.0105279       0.0459794       0.0459794       0.0089877       0.0573424       0.0603546       0.0083817
          0.0200531       0.0308333       0.0282791       0.0120881       0.0622351       0.0622351       0.0098278       0.0742284       0.0790680       0.0090709
          0.0219294       0.0367395       0.0325499       0.0128590       0.0696357       0.0696357       0.0102525       0.0805419       0.0869483       0.0094705
          0.0194106       0.0254877       0.0268174       0.0118226       0.0592097       0.0592097       0.0097024       0.0706941       0.0755021       0.0089708
          0.0172449       0.0164167       0.0220740       0.0109009       0.0496447       0.0496447       0.0092030       0.0610833       0.0645934       0.0085571
          0.0145508       0.0088750       0.0165433       0.0097067       0.0372250       0.0372250       0.0085423       0.0486000       0.0496859       0.0080483
          0.0137397       0.0093750       0.0149820       0.0093351       0.0335000       0.0335000       0.0083311       0.0443125       0.0450891       0.0078892
          0.0135160       0.0088000       0.0145598       0.0092316       0.0324375       0.0324375       0.0082738       0.0436000       0.0437649       0.0078469
          0.0119731       0.0078750       0.0117785       0.0085037       0.0253800       0.0253800       0.0078586       0.0363600       0.0346503       0.0075467
          0.0107134       0.0072167       0.0096849       0.0078891       0.0198167       0.0198167       0.0075041       0.0304500       0.0272045       0.0072955
          0.0117579       0.0080000       0.0114053       0.0084004       0.0243667       0.0243667       0.0078012       0.0362333       0.0333189       0.0075063
          0.0110051       0.0061667       0.0101516       0.0080335       0.0210500       0.0210500       0.0075889       0.0318875       0.0288977       0.0073552
          0.0134532       0.0096125       0.0144339       0.0092036       0.0320300       0.0320300       0.0082631       0.0434700       0.0432239       0.0078420
          0.0129397       0.0087167       0.0134861       0.0089637       0.0296333       0.0296333       0.0081280       0.0415667       0.0401521       0.0077445
          0.0113381       0.0061667       0.0106959       0.0081970       0.0224658       0.0224658       0.0076851       0.0336783       0.0308028       0.0074240
          0.0111537       0.0065000       0.0103938       0.0081065       0.0216762       0.0216762       0.0076321       0.0329137       0.0297549       0.0073858
          0.0112087       0.0067667       0.0104835       0.0081335       0.0219153       0.0219153       0.0076478       0.0328778       0.0300840       0.0073967
          0.0114379       0.0068750       0.0108606       0.0082458       0.0228776       0.0228776       0.0077144       0.0342406       0.0313384       0.0074459
          0.0095839       0.0049875       0.0079579       0.0073198       0.0151843       0.0151843       0.0071684       0.0246643       0.0208651       0.0070577
          0.0103192       0.0056333       0.0090619       0.0076927       0.0181073       0.0181073       0.0073905       0.0280376       0.0248961       0.0072154
          0.0096909       0.0043200       0.0081122       0.0073748       0.0155643       0.0155643       0.0072020       0.0254286       0.0213670       0.0070824
          0.0091583       0.0036875       0.0073472       0.0071000       0.0135308       0.0135308       0.0070372       0.0224904       0.0185221       0.0069657
          0.0083161       0.0031200       0.0062057       0.0066564       0.0105344       0.0105344       0.0067679       0.0176844       0.0142557       0.0067756
          0.0068114       0.0019167       0.0043979       0.0058282       0.0060338       0.0060338       0.0062527       0.0106252       0.0076389       0.0064118
          0.0078295       0.0028063       0.0055899       0.0063936       0.0089493       0.0089493       0.0066060       0.0145877       0.0119448       0.0066611
          0.0071336       0.0021500       0.0047601       0.0060096       0.0068888       0.0068888       0.0063664       0.0126055       0.0089077       0.0064913
          0.0082185       0.0027071       0.0060806       0.0066038       0.0101970       0.0101970       0.0067354       0.0189434       0.0137447       0.0067524
          0.0076765       0.0026083       0.0054010       0.0063101       0.0084618       0.0084618       0.0065538       0.0173284       0.0112227       0.0066238
          0.0070057       0.0023700       0.0046157       0.0059374       0.0065390       0.0065390       0.0063203       0.0138746       0.0083843       0.0064582
          0.0068230       0.0022000       0.0044108       0.0058345       0.0060575       0.0060575       0.0062558       0.0123083       0.0076678       0.0064129
          0.0070916       0.0027417       0.0047121       0.0059860       0.0067774       0.0067774       0.0063520       0.0135500       0.0087446       0.0064815
          0.0066991       0.0027750       0.0042759       0.0057639       0.0057500       0.0057500       0.0062118       0.0112566       0.0072106       0.0063827
          0.0068319       0.0023250       0.0044205       0.0058396       0.0060857       0.0060857       0.0062600       0.0110833       0.0077141       0.0064167
          0.0065765       0.0021571       0.0041426       0.0056941       0.0054429       0.0054429       0.0061680       0.0099657       0.0067494       0.0063519
          0.0066193       0.0023110       0.0041892       0.0057184       0.0055472       0.0055472       0.0061826       0.0099599       0.0069048       0.0063617
          0.0065928       0.0022204       0.0041603       0.0057032       0.0054788       0.0054788       0.0061726       0.0096125       0.0068016       0.0063544
          0.0063455       0.0022625       0.0038991       0.0055608       0.0048941       0.0048941       0.0060828       0.0084688       0.0059190       0.0062915
          0.0060071       0.0021200       0.0035553       0.0053629       0.0041475       0.0041475       0.0059556       0.0070500       0.0047812       0.0062010
          0.0058670       0.0020850       0.0034169       0.0052801       0.0038555       0.0038555       0.0059019       0.0062917       0.0043351       0.0061632
          0.0061509       0.0024500       0.0036999       0.0054473       0.0044536       0.0044536       0.0060083       0.0072450       0.0052489       0.0062376
          0.0073401       0.0040671       0.0049997       0.0061246       0.0074714       0.0074714       0.0064384       0.0122817       0.0097668       0.0065421
          0.0072495       0.0046000       0.0048946       0.0060742       0.0072250       0.0072250       0.0064077       0.0103833       0.0094043       0.0065208
          0.0065716       0.0035833       0.0041369       0.0056917       0.0054333       0.0054333       0.0061671       0.0085750       0.0067360       0.0063516
          0.0066189       0.0039000       0.0041882       0.0057188       0.0055542       0.0055542       0.0061847       0.0081775       0.0069155       0.0063639
          0.0070580       0.0052162       0.0046740       0.0059677       0.0067000       0.0067000       0.0063419       0.0096875       0.0086338       0.0064753
          0.0071757       0.0046208       0.0048085       0.0060340       0.0070434       0.0070434       0.0063853       0.0101830       0.0091506       0.0065070
          0.0079788       0.0051319       0.0057753       0.0064754       0.0094705       0.0094705       0.0066581       0.0135660       0.0127192       0.0066985
          0.0082119       0.0047123       0.0060735       0.0066012       0.0102625       0.0102625       0.0067353       0.0148954       0.0138858       0.0067528
          0.0088354       0.0059167       0.0069028       0.0069319       0.0124667       0.0124667       0.0069350       0.0178766       0.0170416       0.0068925
          0.0073505       0.0035167       0.0050113       0.0061323       0.0075667       0.0075667       0.0064484       0.0116750       0.0099399       0.0065526
          0.0067733       0.0028151       0.0043550       0.0058083       0.0059625       0.0059625       0.0062444       0.0086300       0.0075425       0.0064090
          0.0075922       0.0035269       0.0052999       0.0062651       0.0082571       0.0082571       0.0065284       0.0118434       0.0109439       0.0066073
          0.0076801       0.0040302       0.0054054       0.0063133       0.0085236       0.0085236       0.0065584       0.0116575       0.0113328       0.0066284
          0.0079694       0.0043005       0.0057638       0.0064706       0.0094400       0.0094400       0.0066552       0.0130650       0.0126694       0.0066964
          0.0091902       0.0097088       0.0073954       0.0071169       0.0137398       0.0137398       0.0070461       0.0181731       0.0188323       0.0069709
          0.0133152       0.0287133       0.0141855       0.0091383       0.0315954       0.0315954       0.0082169       0.0330128       0.0427030       0.0078035
          0.0130461       0.0259572       0.0136948       0.0090119       0.0304075       0.0304075       0.0081430       0.0326750       0.0411883       0.0077485
          0.0123801       0.0227102       0.0124965       0.0086974       0.0274028       0.0274028       0.0079621       0.0300510       0.0373745       0.0076151
          0.0131285       0.0225725       0.0138551       0.0090493       0.0308875       0.0308875       0.0081599       0.0342667       0.0419664       0.0077535
          0.0142343       0.0257375       0.0159446       0.0095602       0.0360250       0.0360250       0.0084474       0.0401322       0.0484046       0.0079658
          0.0124271       0.0179016       0.0125825       0.0087194       0.0276000       0.0276000       0.0079754       0.0326044       0.0376197       0.0076254
          0.0111884       0.0128712       0.0104624       0.0081223       0.0220545       0.0220545       0.0076330       0.0272253       0.0303292       0.0073805
          0.0093904       0.0096020       0.0076824       0.0072206       0.0145608       0.0145608       0.0071070       0.0192368       0.0200142       0.0070125
          0.0092432       0.0108867       0.0074730       0.0071446       0.0139961       0.0139961       0.0070619       0.0176255       0.0191982       0.0069812
          0.0083090       0.0079630       0.0061988       0.0066539       0.0106005       0.0106005       0.0067675       0.0132330       0.0143568       0.0067753
          0.0083572       0.0077794       0.0062625       0.0066795       0.0107668       0.0107668       0.0067830       0.0136945       0.0146033       0.0067861
          0.0079637       0.0069094       0.0057573       0.0064683       0.0094589       0.0094589       0.0066549       0.0127559       0.0127071       0.0066966
          0.0083186       0.0069051       0.0062115       0.0066591       0.0106403       0.0106403       0.0067708       0.0138868       0.0144242       0.0067776
          0.0080973       0.0068383       0.0059275       0.0065403       0.0099021       0.0099021       0.0066987       0.0130133       0.0133513       0.0067272
          0.0079221       0.0062505       0.0057058       0.0064458       0.0093399       0.0093399       0.0066416       0.0122520       0.0125444       0.0066876
          0.0084081       0.0071809       0.0063299       0.0067065       0.0109411       0.0109411       0.0067993       0.0140811       0.0148410       0.0067976
          0.0081267       0.0067934       0.0059652       0.0065561       0.0100022       0.0100022       0.0067084       0.0129778       0.0134924       0.0067340
          3.5200551      -0.8266322       0.7495782      -3.3802955       0.6875973       0.0058810       0.0035470   -1005.4804366       0.0039441
