writing to logs/trust-constr/SAfrica/2021_7_19_14_43
| niter |f evals|CG iter|  obj func   |tr radius |   opt    |  c viol  |
|-------|-------|-------|-------------|----------|----------|----------|
|   1   |   8   |   0   | -5.6035e+02 | 1.00e+00 | 8.57e+02 | 0.00e+00 |
|   2   |  16   |   1   | -5.6035e+02 | 1.00e-01 | 8.57e+02 | 0.00e+00 |
|   3   |  24   |   8   | -5.6035e+02 | 5.60e-01 | 8.56e+02 | 0.00e+00 |
|   4   |  32   |  15   | -5.6035e+02 | 3.14e+00 | 8.50e+02 | 0.00e+00 |
|   5   |  40   |  22   | -5.6035e+02 | 8.00e+00 | 2.85e+02 | 0.00e+00 |
|   6   |  48   |  28   | -5.6033e+02 | 8.00e+00 | 1.98e+02 | 0.00e+00 |
|   7   |  56   |  34   | -5.6033e+02 | 8.00e+00 | 1.87e+02 | 0.00e+00 |
|   8   |  64   |  40   | -5.6032e+02 | 8.00e+00 | 1.81e+02 | 0.00e+00 |
|   9   |  72   |  46   | -5.6032e+02 | 8.00e+00 | 1.79e+02 | 0.00e+00 |
|  10   |  80   |  52   | -5.6032e+02 | 8.00e+00 | 1.78e+02 | 0.00e+00 |
|  11   |  88   |  59   | -5.6032e+02 | 8.00e-01 | 1.78e+02 | 0.00e+00 |
|  12   |  96   |  66   | -5.6032e+02 | 8.00e-01 | 1.78e+02 | 0.00e+00 |
|  13   |  104  |  73   | -5.6032e+02 | 8.00e-01 | 1.78e+02 | 0.00e+00 |
|  14   |  112  |  80   | -5.6032e+02 | 8.00e-01 | 1.78e+02 | 0.00e+00 |
|  15   |  120  |  87   | -5.7460e+02 | 1.77e+00 | 1.71e+02 | 0.00e+00 |
|  16   |  136  |  94   | -5.7460e+02 | 1.77e-01 | 1.71e+02 | 0.00e+00 |
|  17   |  144  |  101  | -5.7460e+02 | 1.77e-01 | 1.71e+02 | 0.00e+00 |
|  18   |  152  |  108  | -5.7460e+02 | 1.77e-01 | 1.71e+02 | 0.00e+00 |
|  19   |  160  |  115  | -5.8378e+02 | 1.24e+00 | 1.63e+02 | 0.00e+00 |
|  20   |  176  |  122  | -5.8378e+02 | 1.24e-01 | 1.63e+02 | 0.00e+00 |
|  21   |  184  |  129  | -5.8472e+02 | 1.39e-01 | 1.63e+02 | 0.00e+00 |
|  22   |  192  |  136  | -5.8562e+02 | 1.39e-01 | 1.62e+02 | 0.00e+00 |
|  23   |  200  |  143  | -5.9149e+02 | 9.74e-01 | 1.54e+02 | 0.00e+00 |
|  24   |  216  |  150  | -5.9149e+02 | 4.15e-01 | 1.54e+02 | 0.00e+00 |
|  25   |  224  |  157  | -5.9579e+02 | 9.76e-01 | 1.44e+02 | 0.00e+00 |
|  26   |  232  |  164  | -5.9747e+02 | 9.76e-01 | 1.37e+02 | 0.00e+00 |
|  27   |  240  |  171  | -5.9810e+02 | 9.76e-01 | 1.25e+02 | 0.00e+00 |
|  28   |  248  |  178  | -5.9817e+02 | 9.76e-01 | 1.28e+02 | 0.00e+00 |
|  29   |  256  |  184  | -5.9817e+02 | 9.76e-01 | 1.28e+02 | 0.00e+00 |
|  30   |  264  |  190  | -5.9817e+02 | 9.76e-01 | 1.28e+02 | 0.00e+00 |
|  31   |  272  |  196  | -5.9817e+02 | 9.76e-01 | 1.28e+02 | 0.00e+00 |
|  32   |  280  |  202  | -5.9871e+02 | 9.76e-01 | 1.26e+02 | 0.00e+00 |
|  33   |  288  |  205  | -5.9871e+02 | 9.76e-01 | 1.25e+02 | 0.00e+00 |
|  34   |  296  |  212  | -5.9877e+02 | 9.76e-01 | 1.27e+02 | 0.00e+00 |
|  35   |  304  |  217  | -5.9877e+02 | 9.76e-01 | 1.27e+02 | 0.00e+00 |
|  36   |  312  |  222  | -5.9877e+02 | 9.76e-01 | 1.27e+02 | 0.00e+00 |
|  37   |  320  |  227  | -5.9877e+02 | 9.76e-01 | 1.27e+02 | 0.00e+00 |
|  38   |  328  |  232  | -5.9877e+02 | 9.76e-01 | 1.27e+02 | 0.00e+00 |
|  39   |  336  |  237  | -5.9877e+02 | 9.76e-01 | 1.27e+02 | 0.00e+00 |
|  40   |  344  |  242  | -5.9877e+02 | 9.76e-01 | 1.27e+02 | 0.00e+00 |
|  41   |  352  |  247  | -5.9904e+02 | 9.76e-01 | 1.26e+02 | 0.00e+00 |
|  42   |  360  |  254  | -6.0135e+02 | 9.76e-01 | 6.35e+01 | 0.00e+00 |
|  43   |  368  |  261  | -6.1267e+02 | 1.85e+00 | 7.27e+01 | 0.00e+00 |
|  44   |  384  |  268  | -6.1267e+02 | 1.85e-01 | 7.27e+01 | 0.00e+00 |
|  45   |  400  |  275  | -6.1267e+02 | 7.90e-02 | 7.27e+01 | 0.00e+00 |
|  46   |  416  |  280  | -6.1267e+02 | 3.95e-02 | 7.27e+01 | 0.00e+00 |
|  47   |  424  |  285  | -6.1278e+02 | 3.95e-02 | 6.61e+01 | 0.00e+00 |
|  48   |  440  |  290  | -6.1278e+02 | 1.97e-02 | 6.61e+01 | 0.00e+00 |
|  49   |  448  |  296  | -6.1318e+02 | 1.38e-01 | 6.68e+01 | 0.00e+00 |
|  50   |  456  |  303  | -6.1433e+02 | 2.76e-01 | 7.04e+01 | 0.00e+00 |
|  51   |  464  |  310  | -6.1433e+02 | 2.76e-01 | 6.95e+01 | 0.00e+00 |
|  52   |  472  |  317  | -6.1433e+02 | 2.76e-01 | 6.96e+01 | 0.00e+00 |
|  53   |  480  |  324  | -6.1433e+02 | 2.76e-01 | 6.96e+01 | 0.00e+00 |
|  54   |  488  |  331  | -6.1434e+02 | 2.76e-01 | 7.09e+01 | 0.00e+00 |
|  55   |  504  |  338  | -6.1434e+02 | 3.02e-02 | 7.09e+01 | 0.00e+00 |
|  56   |  520  |  343  | -6.1434e+02 | 1.51e-02 | 7.09e+01 | 0.00e+00 |
|  57   |  536  |  348  | -6.1434e+02 | 7.55e-03 | 7.09e+01 | 0.00e+00 |
|  58   |  552  |  353  | -6.1434e+02 | 3.00e-03 | 7.09e+01 | 0.00e+00 |
|  59   |  560  |  358  | -6.1434e+02 | 3.00e-03 | 6.92e+01 | 0.00e+00 |
|  60   |  576  |  364  | -6.1434e+02 | 1.50e-03 | 6.92e+01 | 0.00e+00 |
|  61   |  584  |  369  | -6.1441e+02 | 3.00e-03 | 6.90e+01 | 0.00e+00 |
|  62   |  600  |  374  | -6.1441e+02 | 1.50e-03 | 6.90e+01 | 0.00e+00 |
|  63   |  608  |  379  | -6.1441e+02 | 7.49e-04 | 6.90e+01 | 0.00e+00 |
|  64   |  616  |  384  | -6.1442e+02 | 7.49e-04 | 6.97e+01 | 0.00e+00 |
|  65   |  632  |  389  | -6.1442e+02 | 3.75e-04 | 6.97e+01 | 0.00e+00 |
|  66   |  648  |  395  | -6.1442e+02 | 1.87e-04 | 6.97e+01 | 0.00e+00 |
|  67   |  656  |  400  | -6.1442e+02 | 1.31e-03 | 7.01e+01 | 0.00e+00 |
|  68   |  664  |  405  | -6.1450e+02 | 9.18e-03 | 6.90e+01 | 0.00e+00 |
|  69   |  672  |  410  | -6.1487e+02 | 6.43e-02 | 7.01e+01 | 0.00e+00 |
|  70   |  680  |  415  | -6.1775e+02 | 4.50e-01 | 7.16e+01 | 0.00e+00 |
|  71   |  688  |  422  | -6.3031e+02 | 2.71e+00 | 8.80e+01 | 0.00e+00 |
|  72   |  704  |  429  | -6.3031e+02 | 2.71e-01 | 8.80e+01 | 0.00e+00 |
|  73   |  712  |  436  | -6.3127e+02 | 3.67e-01 | 8.34e+01 | 0.00e+00 |
|  74   |  720  |  443  | -6.3201e+02 | 3.67e-01 | 8.04e+01 | 0.00e+00 |
|  75   |  728  |  450  | -6.3478e+02 | 1.66e+00 | 7.88e+01 | 0.00e+00 |
|  76   |  736  |  457  | -6.3741e+02 | 1.66e+00 | 9.69e+01 | 0.00e+00 |
|  77   |  752  |  464  | -6.3741e+02 | 1.66e-01 | 9.69e+01 | 0.00e+00 |
|  78   |  760  |  471  | -6.3741e+02 | 4.09e-02 | 9.69e+01 | 0.00e+00 |
|  79   |  768  |  476  | -6.3741e+02 | 2.05e-02 | 9.69e+01 | 0.00e+00 |
|  80   |  784  |  481  | -6.3741e+02 | 1.02e-02 | 9.69e+01 | 0.00e+00 |
|  81   |  792  |  488  | -6.3750e+02 | 7.16e-02 | 9.60e+01 | 0.00e+00 |
|  82   |  800  |  495  | -6.3774e+02 | 1.43e-01 | 8.89e+01 | 0.00e+00 |
|  83   |  808  |  502  | -6.3776e+02 | 1.43e-01 | 9.08e+01 | 0.00e+00 |
|  84   |  816  |  507  | -6.3776e+02 | 1.43e-01 | 9.08e+01 | 0.00e+00 |
|  85   |  824  |  512  | -6.3776e+02 | 1.43e-01 | 9.07e+01 | 0.00e+00 |
|  86   |  832  |  517  | -6.3776e+02 | 1.43e-01 | 9.07e+01 | 0.00e+00 |
|  87   |  840  |  524  | -6.3776e+02 | 1.43e-01 | 9.07e+01 | 0.00e+00 |
|  88   |  848  |  531  | -6.3783e+02 | 2.21e-01 | 9.27e+01 | 0.00e+00 |
|  89   |  856  |  537  | -6.3783e+02 | 2.21e-01 | 9.27e+01 | 0.00e+00 |
|  90   |  864  |  544  | -6.3950e+02 | 2.21e-01 | 9.21e+01 | 0.00e+00 |
|  91   |  872  |  549  | -6.5316e+02 | 1.54e+00 | 8.64e+01 | 0.00e+00 |
|  92   |  880  |  554  | -7.1811e+02 | 1.08e+01 | 7.99e+01 | 0.00e+00 |
|  93   |  888  |  561  | -7.3463e+02 | 1.08e+01 | 7.34e+01 | 0.00e+00 |
|  94   |  896  |  568  | -7.3959e+02 | 1.08e+01 | 9.18e+01 | 0.00e+00 |
|  95   |  904  |  575  | -7.4450e+02 | 1.08e+01 | 1.16e+02 | 0.00e+00 |
|  96   |  912  |  582  | -7.4658e+02 | 1.08e+01 | 9.78e+01 | 0.00e+00 |
|  97   |  920  |  589  | -7.4737e+02 | 1.08e+01 | 1.08e+02 | 0.00e+00 |
|  98   |  928  |  596  | -7.4792e+02 | 1.08e+01 | 9.98e+01 | 0.00e+00 |
|  99   |  936  |  603  | -7.4848e+02 | 1.08e+01 | 1.07e+02 | 0.00e+00 |
|  100  |  944  |  610  | -7.4883e+02 | 1.08e+01 | 1.01e+02 | 0.00e+00 |
|  101  |  952  |  617  | -7.4925e+02 | 1.08e+01 | 1.06e+02 | 0.00e+00 |
|  102  |  960  |  624  | -7.4946e+02 | 1.08e+01 | 1.02e+02 | 0.00e+00 |
|  103  |  968  |  631  | -7.4970e+02 | 1.08e+01 | 1.06e+02 | 0.00e+00 |
|  104  |  976  |  638  | -7.4985e+02 | 1.08e+01 | 1.02e+02 | 0.00e+00 |
|  105  |  984  |  645  | -7.5003e+02 | 1.08e+01 | 1.05e+02 | 0.00e+00 |
|  106  |  992  |  652  | -7.5017e+02 | 1.08e+01 | 1.02e+02 | 0.00e+00 |
|  107  | 1000  |  659  | -7.5028e+02 | 1.08e+01 | 1.05e+02 | 0.00e+00 |
|  108  | 1008  |  666  | -7.5036e+02 | 1.08e+01 | 1.02e+02 | 0.00e+00 |
