848.333	72.5	39	37.5	331.25	55	66.033	49.167	60	230	20.333	201.875	67.5	80	478.333
688.333	87.5	40	37.5	247.5	80	123.333	57.5	52	260	27.167	213.75	65	80	1266.667
475	82.5	35	19	187.5	70	61.667	44.333	41.667	182.5	22	178.75	61.667	38.75	670
360	70	34	19	180	70	51.167	41.833	50	168.5	22.333	157.625	56.667	35	581.667
336.667	77.333	35	15.5	132.5	54.25	55.733	35.833	42.333	152.7	20.625	112.333	59.667	29	540
288.333	67	33.5	12.25	135	54.375	54.267	32.567	33.333	134.2	17.25	107.833	59.167	25.45	399
256.549	75	23.48	11.25	137.398	60.25	38.133	20.6	33.333	123.35	11.5	149.25	56.333	19	366.667
219.923	84	22.982	12.25	147.409	56.333	36.65	24.55	30.833	140.85	14.667	109.5	47.5	16.5	305
144.938	66.5	22.982	8	137.403	52.5	38.4	21.95	27.917	150.667	17	99	38.75	11.6	197.5
87.451	100.833	14.237	10	129.904	70.25	39.84	18.23	42.5	215	29.833	101.833	76.667	10.655	244.875
108.282	66.5	14.988	9.25	113.28	47.5	20.5	11.27	41.5	196.32	16.5	103.875	35	11.225	136.833
188.261	71.5	14.991	11.29	169.888	42.5	31.653	17.425	45	213.987	11.75	102.833	37.5	15.22	179.167
209.924	59.5	14.991	10.69	117.423	46.667	26.57	17.26	28.5	255.2	14	96.25	40	15.935	178.333
184.947	53.5	17.491	13.5	84.962	41.25	25.083	18.25	28.333	287.5	16.5	85.833	35	16.5	118.333
308.333	41.5	13.989	16.387	151.195	40	32	20.215	45.362	274.198	11.5	122.5	34.375	17.19	203
367.395	51.127	14.987	15.5	202.411	40.23	27	18	42.359	283.75	13.845	126.23	54.125	16	361.5
254.877	27.5	14.987	16.15	139.911	31.667	27	16.413	34.312	241	18	109.5	34.583	19.215	251.2
164.167	22.987	11.485	11.337	117.45	27.5	23.563	11.677	32.484	194.475	6.75	96.125	32	12.937	163.875
88.75	22.74	11.486	8.5	130	18.06	14	10	27	158	5.71	89.5	22.167	9.5	121.833
93.75	14.987	9	11	108.333	16.817	16	10.75	24.333	173	5.545	86	20.333	12.25	122.75
88	15.57	9	9	95	14.325	13.25	10.75	27	227.5	5.555	71.4	14.333	9.75	116.25
78.75	13.167	9	8.5	92.5	13.313	12.167	10	24.375	205.25	5.25	80.321	14.563	12.75	100.375
72.167	13.2	12	10	78.75	13.087	11.5	9.333	23	180	6.217	82.25	11.5	11.25	94.286
80	13.821	12	10	72.5	11.863	16	10.25	26.8333	124.75	6.452	62.417	18.417	10.167	95.688
61.667	10.282	13	9.5	57.5	11.535	15.5	13.417	25.625	100.5	5.648	51.933	15.375	11.125	57.625
96.125	12.058	7.917	12	94.375	14.33	19.25	16.875	31.667	136.375	5.352	59	29.875	13	96.7
87.167	17.683	12.5	12.125	75	12.955	17.667	16.167	35.375	145.833	6.452	54.917	27	13.625	135.125
61.667	12.808	6.5	12.667	63.333	14.58	16	14	27.25	115.875	5.94	54.583	21.833	12.167	90.125
65	12.546	7.333	12.625	53.125	11.864	16.25	14	24	134.358	5.864	47.673	13.167	15.625	85.2
67.667	10.833	8.5	10.333	46	13.75	14.5	13.5	23.333	146.13	6.125	39.377	12.25	12.75	67.01
68.75	12.333	17.083	9.5	46.875	12.75	14.167	13.167	22.1	133.096	5.667	36.573	11.875	16.5	68.5
49.875	9	17.167	8.5	41	11.5	10.375	11.25	21.125	78.008	5.333	30.75	16.25	12.625	46.28
56.333	14.5	6.667	8.5	50.25	13.167	11.375	11.375	24.438	94.208	5.667	46.65	16	14.125	44.167
43.2	13.3	8	6.125	36.5	12	7	10	20.5	60.667	6	35.357	13.377	13.875	38.571
36.875	12.75	8.5	6.75	35	12.5	7	10.75	19.833	59	7.25	34.917	12.5	16.5	37.5
31.2	13.833	8	6	31.9	12.5	6.75	7.5	18.417	40.625	5.667	31.45	10.834	9.833	36.875
19.167	11.25	8.167	6.5	19.6	11.5	7.167	7.125	14.333	43.5	6.333	20.5	10.668	11.25	23.625
28.063	11.5	6.875	7.5	26.667	11.3	7.167	8.375	19.313	52.5	7.5	27	12.501	15	36.333
21.5	11.833	7.833	6.5	22.3	11.625	6.833	7.625	19.357	53.583	8	30.375	13.002	11.333	38.083
27.071	11.8	6.625	7	28.333	11.1	7.125	8.333	23.357	61.458	8.5	47	17.336	13.5	68.333
26.083	15.667	6.5	8	26.917	15.167	10.333	11.333	22.25	81.333	10.5	38.583	31.834	15.5	113.75
23.7	12.125	6.5	6.5	25.25	12.25	7.75	8.25	14.9	58.5	11.167	33.083	18.251	12.667	73
22	11.875	7	6.5	22.75	11.75	9.333	9.333	14.2	53.563	8	27.917	15.751	13.5	50.333
27.417	12.25	6.875	7	30.071	13	9	8.333	16.929	50	8.75	28.833	18.502	16	50.214
27.75	8.167	8.167	6	29	9.376	13.495	9.005	14.25	37.665	8.126	30.643	14.75	11.375	41.179
23.25	8.6	7.438	5	27.786	9.001	10.5	6	14	36.438	6.376	29.375	14.4	10.005	42.209
21.571	6	7.167	4	25.083	8.127	8.675	6.495	13.643	33.221	4.876	25.1	11.333	10.835	40.25
23.11	5	6.833	3.5	26.929	6.334	8.226	6.754	15.357	31.556	4.835	25.375	10.5	12.258	38.401
22.204	5.667	6	3.5	26.292	6.334	8.25	6.75	17.083	28.625	5.167	25.75	10.625	15.17	42.9
22.625	5.833	6	3.5	23.738	6	9.259	7.335	18.083	32.66	4.667	24.714	9.5	16.593	40.75
21.2	4.167	6.75	3.167	22.375	5.334	8.8	4.775	16.625	28.075	2.834	24.6	8.667	13.345	42.001
20.85	4.489	6	4	21.82	4.751	9	5.868	14.533	30.939	2.877	24.25	6.825	14.898	32.901
24.5	4.931	6.15	5	23.417	4.002	9.5	6.901	15.4	33.551	3.126	26.04	9.246	15.472	34.167
40.671	9.134	9.675	11	51	7.251	15.254	18.071	23.083	72.228	4.002	38.983	19.486	24.231	53.602
46	8.833	11.047	13	55.667	8.335	20.333	20.5	22.333	75	5.668	57.167	14.333	25.5	63.002
35.833	9.531	7.809	15.667	47.667	9.836	14.023	12.584	20.736	56.985	5.001	54.02	13.558	20.083	58.827
39	11	9.092	18.333	43.693	11.001	21.655	14.157	18.275	55.32	5.669	50.007	14	20.375	46.63
52.162	27	16.274	31.5	64.2	24.335	50.563	38.605	25.675	132.103	9.835	67.508	30.125	49.864	68.475
46.208	42.39	17.264	24.25	60.718	30.253	45.654	34.25	26.406	90	11.252	60.632	35.771	43.755	54.592
51.319	38.596	33.008	35.025	73.1	33.504	49.917	52.832	35.875	98.935	12.753	70.939	53.959	38.883	70.736
47.123	52.55	20.154	45.082	76.625	36.835	70.697	60.919	31.75	170.518	19.503	75.751	71.977	71.945	94.057
59.167	54.19	25.834	57.564	97	36.501	56.899	50.114	31.292	95.66	30.002	72.835	74.14	46.328	132.849
35.167	32.693	17.644	26.593	63.075	22.836	34.007	28.348	21.8	82.282	11.503	54.312	40.52	38.959	80.639
28.151	59.747	15.68	21	44.137	16.503	42.19	50.492	26.175	98.504	8.753	42.599	59.329	33.337	80.23
35.269	69.878	18.071	44.646	61.188	27.168	47.056	65.097	31.386	116.04	13.002	56.657	69.347	46.723	102.549
40.302	55.426	19.241	25.678	62	22.835	40.589	46.642	30.125	97.512	18.002	52.418	53.333	35.962	76.693
43.005	71.237	19.472	32.142	64.114	30.001	53.325	62.731	32.962	100.768	28.002	76.081	58.53	59.893	85.189
97.088	79.01	43.962	39.812	104.411	59.501	119.09	71.472	59.675	131.692	30.359	232.1	82.258	84.545	101.502
287.133	353.302	117.552	107.104	262.096	234.501	373.262	174.962	256.528	500	144.169	609.409	285.237	174.071	461.619
259.572	446.009	164.478	143.996	273.775	363.001	361.421	218.74	259.28	385.346	160.252	1011.665	369.117	228.738	435.007
227.102	505.932	114.667	152.503	238.059	464.503	324.826	166.518	227.62	401.667	193.42	1101.82	360.569	223.346	421.003
225.725	485.108	174.758	172.065	252.459	418.216	333.085	190.621	248.75	397.053	234.128	1046.312	398.773	201.519	419.408
257.375	614.629	178.738	198.756	357.986	522.87	425.857	233.664	390.833	444.188	327.96	963.503	435.603	246.524	473.558
179.016	503.52	140.515	99.235	299.087	388.888	331.736	164.397	311.875	362.683	220.502	548.576	328.199	165.278	368.351
128.712	411.77	75	94	192.235	292.343	220.495	133.685	205.298	287.42	147.5	338.151	205.6	170.895	239.55
96.02	295.202	84.634	64.9	125.074	195.668	146.35	92.325	133.48	196.355	136.335	223.956	168.058	116.91	195.736
108.867	378.489	54.776	33.7	116.114	206.521	161.075	83	146.1	197.067	103.67	227.525	139	103.51	168.514
79.63	249.09	33.529	26.6	98.564	211.127	111.17	61.175	109.992	139.748	71.834	159.052	76.132	75.125	107.056
77.794	217.584	29.434	46.65	98.099	191.085	112.74	94.99	120.689	142.673	75.5	153.279	79.957	93.34	115.495
69.094	155.364	21.491	39.09	88.616	144.668	75.93	65.3	105.987	125.599	85.333	86.158	64.347	68.82	92.792
69.051	171.704	25.742	44.63	93.419	228.337	73.735	20.26	114.681	126.422	54.168	90.313	66.221	86.955	88.758
68.383	192.864	23.987	46.435	86.174	170.667	77.465	22.525	90.539	84.363	63.502	111.839	93.8	35.05	112.739
62.505	185.735	26.508	41.485	76.184	177.835	63.975	31.37	73.688	84.363	77.168	89.163	70.929	55.5	91.477
71.809	178.666	33.979	40.94	92.265	169.548	65.01	48.785	86.305	100.338	68.964	97.264	84.998	63.885	103.182
67.934	184.76	32.546	34.755	86.641	166.38	64.42	47.925	68.724	70.116	68.305	95.618	96.974	67.58	122.58