1511.667	157	92	67.5	685	88	85.833	83.333	184.333	440	35.333	266.667	135	100	728.333
1270.833	173.5	93.5	68.25	605	109	141.667	94.167	174.167	480	47.5	265	130	102.5	1275
840.833	170	80	26	447.5	90	80.833	74.333	106.667	380	38.167	223.333	111.667	58.15	888.333
825	145	81.5	25	452.5	90	69.333	66.667	115	355	33.667	201.333	100.667	55	836.667
740	140.333	75	23	390	77.5	74.667	62.333	107.5	364.25	35.875	190	107.667	41.5	850.833
725	124.667	72	17.65	355	80.25	70.6	54.567	98.333	330.55	29.125	186.75	100.167	37.35	698.167
651.131	136	61.886	18.075	354.539	87.75	57.833	43.067	97.5	314	27.5	177.333	98.5	29.833	615
636.258	140	54.912	16.867	364.638	84.75	51.65	36.6	84.167	317.5	26.5	173.25	90	27.333	515.833
481.943	117.333	35.44	14.033	347.076	79.667	53	32.25	84	338	30.167	163	76.333	20.433	350
357.044	110.667	31.446	18.427	357.036	75.25	56.625	28.882	69.333	401.25	26.625	163.25	65.667	21.945	324.167
291.097	102	30.632	19.5	333.051	75.333	35	21.43	72.833	351.327	28.167	157.25	68.333	19.85	246.667
389.725	77.5	27.467	20.333	367.062	73	46.087	27.663	76.667	378.665	24.833	162	72.333	24.03	278.333
486.368	92.667	27.47	23.357	354.607	71	39.52	29.565	71.667	425.2	24.875	152.5	74	31.71	315.667
459.794	71	28.471	24	271.477	76.333	39.126	31.3	72.5	441.25	21.167	148.833	72.333	30	275
622.351	89.25	29.64	30.612	377.245	61.333	51.346	36.114	103.292	409.775	19.25	195.625	77.5	33.625	369.667
696.357	112.126	32.64	28.667	440.91	73.584	46.75	36.75	103.667	423.333	24.926	216.134	92.167	32	519.167
592.097	63.25	30.958	27.378	376.272	54.667	41.145	31.087	94.684	402.202	20.833	190.167	78	33.268	460
496.447	43.667	27.472	21.812	344.735	38.375	35.314	26.405	85.167	351.847	13.167	185.833	79.833	27.615	357.5
372.25	44.697	25.75	17	330	33.375	25.833	21.667	62.25	323	11.259	168.789	60.5	20.75	281
335	36.861	17.75	20.667	314.667	31.675	25.875	22.25	70.75	343.5	12.293	172	55.667	24	285
324.375	33.078	18.875	19.667	280.333	29.23	21	21	65.375	401.667	11.905	128.1	44.5	22.667	270
253.8	26.833	17.167	16.75	205.75	28	21	18.833	56.7	399.25	10.75	122.321	35.375	21.625	213.5
198.167	23.705	14.167	17.333	227.25	21.984	21.875	18.5	49.833	373.333	10.56	109.75	28.375	22.167	171.929
243.667	24.371	14.833	18.25	214.875	23.206	23.333	18.333	54.667	301.5	10.734	100.948	42.083	20.5	195.35
210.5	18.82	15.25	17.313	201.667	22.264	22.8	18.1	52	249.5	9.362	84.917	37.5	19.813	136.875
320.3	24.813	15.75	19.833	309.5	26.932	28.5	23.875	73.7	294.167	8.488	109.643	56.75	23.333	228.9
296.333	34.125	16.333	21.313	286.125	29.807	26.4	23.3	79.5	314.375	9.986	98.333	51	25.5	290.875
224.658	32.5	16.375	21.75	193.306	32.057	28.5	23	66.862	266	9.386	82.583	40.833	24.333	213.125
216.762	28.4	16	21.952	175.409	32.346	28.472	23.082	61.895	284.25	9.786	76.214	34	25.435	184.2
219.153	26.833	15.667	18.665	154.552	33.875	25.625	21.095	49.818	294.057	10.625	90.625	36.5	24.803	168.063
228.776	27.5	15.938	18.541	153.252	28	26.5	20.986	47.03	282.885	9	58.866	33.125	28.946	178.875
151.843	18	15.625	16.792	106.947	26.167	20.402	19.65	44.436	228.68	8.833	42.333	30	25.471	129.8
181.073	26.75	15.625	15.563	136.643	26.833	20.25	20.5	49.427	235.938	10.333	58	35.669	27.875	119.583
155.643	24	15.75	12.719	100.433	24.625	14.95	18.925	38.706	178.375	11.625	50.036	31.625	27.875	99.143
135.308	23.5	14.167	12.417	90.586	24.5	15.5	17	39.263	168.75	10.75	52.417	28	28.5	95.125
105.344	25.667	15	11.75	78.844	23.75	14.333	16	38.792	140.875	10.5	44.7	25.67	23	100.25
60.338	22.375	14.375	11.625	51.536	22.75	14.438	15.438	30.042	111.333	11.5	32.6	22.001	25.5	71.875
89.493	22.125	14.833	14.313	84.788	22.8	15.5	18.438	43.764	117.333	14.125	41.857	30.336	30.833	93.042
68.888	21.5	14.125	13.813	72.806	23.25	15.344	18.125	41.214	110.875	13.667	39.458	32.501	27.083	85.625
101.97	24.875	15.667	13.917	97.399	24.125	15.719	19.2	58.512	127.563	15.667	55.5	40.001	27.292	150.65
84.618	31	14.667	16.188	93.991	29.75	17.958	22.333	49.872	145.833	21.167	54.05	58.752	28.938	215.5
65.39	23.667	13.667	13.167	74.265	23.667	15.25	19.167	33.893	113.417	15.75	41.6	38.001	26.75	153.688
60.575	21.5	15.333	13.438	64.375	21.333	15.396	18.417	29.7	108.167	13.875	39.3	38.168	24.875	126.8
67.774	21	16.167	12.5	74.571	22.167	15.344	16.125	35.071	102.833	14.167	43.083	44.752	31.125	130.5
57.5	15.1	13.25	11.917	66.089	16.877	20	16.5	29.833	77.5	12.836	39.729	34.165	25.334	110.458
60.857	13.75	14.248	9	67.607	15.5	15.25	11.75	30.929	75.875	9.835	40.429	32.813	20.34	111.951
54.429	10.5	12.125	7	61.75	13.335	12.505	10.835	27.214	70.655	8.502	33	24	18.67	92.333
55.472	11.625	12.625	6.5	65.143	12.126	12.175	11.625	29.786	71.209	9.376	34.9	30.25	23.085	97
54.788	11.125	12.063	5.833	64.292	11.876	11.875	12.313	32.357	67.5	9.626	36.9	23.333	26.504	110.875
48.941	11.625	10.792	6.5	55.81	11.751	12.318	10.625	29	75.458	8.376	35.555	22.333	29.32	106.375
41.475	8.333	10.25	6.167	49.5	11.501	10.675	8.5	24.5	64.4	5.168	31.875	19	24.66	101.668
38.555	8.275	10.45	6.833	46.467	10.376	11	9.325	21.036	61.375	5.626	30.5	15.165	25.987	89.001
44.536	8.333	10.45	7.667	53.533	9.667	12.33	10.325	25.8	69.175	5.376	34.375	17.5	25.375	88.377
74.714	17.75	16.2	22.5	102.333	18.167	25.16	27.34	42	144.933	8.502	62.82	45.25	43.853	141.161
72.25	22.833	17.167	20	100.625	24.667	27.333	29.083	44.875	130.25	10.834	70.667	39.667	44.333	135.836
54.333	22.152	12.507	14.333	79.75	22.835	18.683	18.952	36	97	10.836	63.418	33.015	33.685	118.019
55.542	20.835	13.794	15.167	81.497	22.667	23.962	18.069	34.575	95.835	8.335	60.842	26.53	32.807	107.563
67	50.274	28.997	31.333	98.5	46.334	50.535	39.634	50.25	125.431	17.335	86.277	49.708	55.565	123.553
70.434	52.302	27.327	27.75	92.061	49.251	45.066	38.942	52.345	110.556	16.001	78.038	57.342	48.296	114.663
94.705	82.939	52.566	46.685	132.833	60.667	67.675	56.985	80.5	131.84	30.502	102.708	118.578	68.769	146.904
102.625	119.02	44.012	53.362	141.75	73.001	73.612	67.804	85.125	182.559	42.834	112.429	153.743	83.35	180.193
124.667	132.104	59.263	67.604	167.875	88.669	78.754	81.744	92.692	182.005	51.168	123.804	154.777	81.008	245.752
75.667	84.995	38.893	35.644	109.625	55.501	48.261	49.521	56.76	141.842	20.668	82.137	96.952	54	170.966
59.625	98.519	30.581	27.667	80.5	45.503	56.665	65.024	50.25	164.365	25.003	65.665	119.674	54.206	176.131
82.571	113.576	37.977	58.894	112.926	62.502	66.526	79.761	78.162	200.965	27.502	84.409	151.555	76.166	236.051
85.236	118.967	41.152	40.863	107.033	57.004	64.312	77.863	72.687	165.774	34.504	79.5	124.102	77.564	189.542
94.4	141.172	42.119	50.406	115.005	65.001	88.292	99.5	83.307	180	48.503	108.878	133.637	98.69	196.845
137.398	179.048	90.286	61.779	156.585	107.002	144.762	128.195	110.061	212.607	53.034	248.465	169.707	121.154	225.69
315.954	419.341	182.01	136.298	296.134	294.669	381.148	209.452	296.09	500	165.002	608.167	355.395	212.234	471.716
304.075	493.876	207.395	170.03	319.167	392.502	375.875	255.842	293.375	407.855	197.419	837.706	437.922	263.514	431.16
274.028	510.194	183.4	174.609	283.117	461.502	315.828	197.223	269.358	394.167	233.097	842.351	428.04	244.398	414.261
308.875	496.214	219.399	206.127	332	421.214	351.087	226.045	316	419.357	256.83	839.319	416.524	234.307	432.206
360.25	600.704	237.088	227.967	440	525.87	438.774	277.733	432.579	448.325	365.003	848.149	454.263	284.873	483.656
276	498.174	178.046	143.19	368.625	398.001	334.779	215.23	356.667	366.936	260.616	530.221	356.625	226.8	392.689
220.545	398.052	118.354	118.13	267.59	299.01	233.695	150.3	266.869	285.366	180.168	369.821	236.297	178.975	289.009
145.608	313.052	109.79	82.095	180.979	233.412	154.615	104.185	179.952	213.863	164.336	291.397	214.666	122.62	249.051
139.961	395.255	94.802	55.56	166.194	309.822	171.175	93.09	175.211	209.043	149.668	312.939	191.869	108.295	228.152
106.005	264.96	74.478	44.175	139.127	236.132	117.825	68.845	137.503	159.387	110.737	253.165	135.332	78.71	186.072
107.668	238.731	61.147	72.08	138.286	224.785	123.585	84.665	149.816	166.199	102.336	252.543	134.784	97.915	180.287
94.589	174.635	53.866	59.27	123.016	182.335	89.58	73.3	131.715	150.962	107.881	184.881	108.005	80.05	159.259
106.403	197.166	49.788	68.275	134.524	252.002	86.965	60.17	140.22	153.435	91.838	161.37	111.41	101.5	153.549
99.021	225.188	52.122	71.81	117.202	225.334	91.295	68.275	113.246	156.979	106.503	185.37	139.981	78.41	174.119
93.399	218.69	49.801	62.83	108.964	220.336	75.51	63.115	100.67	139.814	110.001	159.606	111.213	83.7	149.449
109.411	232.754	54.322	60.5	130.166	229.468	83.35	75.29	113.927	134.933	111.018	167.55	130.63	91.56	164.167
100.022	238.156	54.273	55.515	124.465	224.935	82.85	74.645	95.665	162.541	108.034	154.155	133.878	97.57	169.477
